1 22
9 940 0 1 628 9 940 0
9 940 0 1 628 9 940 0
9 940 0 1 628 9 940 0
9 940 0 1 628 9 940 0
9 940 0 1 628 9 940 0
9 940 0 1 628 9 940 0
9 940 0 1 628 9 940 0
9 940 0 1 628 9 940 0
9 940 0 1 628 9 940 0
9 940 0 1 628 9 940 0
9 940 0 1 628 9 940 0
9 940 0 1 628 9 940 0
9 940 0 1 628 9 940 0
9 940 0 1 628 9 940 0
9 940 0 1 628 9 940 0
9 940 0 1 628 9 940 0
9 940 0 1 628 9 940 0
9 940 0 1 628 9 940 0
9 940 0 1 628 9 940 0
9 940 0 1 628 9 940 0
9 940 0 1 628 9 940 0
9 940 0 1 628 9 940 0
-1
2 31
8 1615 1 1 201 8 1615 1
8 1615 1 1 201 8 1615 1
8 1615 1 1 201 8 1615 1
8 1615 1 1 201 8 1615 1
8 1615 1 1 201 8 1615 1
8 1615 1 1 201 8 1615 1
8 1615 1 1 201 8 1615 1
8 1615 1 1 201 8 1615 1
8 1615 1 1 201 8 1615 1
8 1615 1 1 201 8 1615 1
8 1615 1 1 201 8 1615 1
8 1615 1 1 201 8 1615 1
8 1615 1 1 201 8 1615 1
8 1615 1 1 201 8 1615 1
8 1615 1 1 443 8 1615 1
8 1615 1 1 443 8 1615 1
8 1615 1 1 443 8 1615 1
8 1615 1 1 443 8 1615 1
8 1615 1 1 443 8 1615 1
8 1615 1 1 443 8 1615 1
8 1615 1 1 443 8 1615 1
8 1615 1 1 443 8 1615 1
8 1615 1 1 443 8 1615 1
8 1615 1 1 443 8 1615 1
8 1615 1 1 443 8 1615 1
8 1615 1 1 443 8 1615 1
8 1615 1 1 443 8 1615 1
8 1615 1 1 443 8 1615 1
8 1615 1 1 443 8 1615 1
8 1615 1 1 443 8 1615 1
0 462 2562 1 201 0 462 2562
-1
3 0
-1
4 15
5 1525 0 1 748 5 1525 0
5 1525 0 1 748 5 1525 0
5 1525 0 1 748 5 1525 0
5 1525 0 1 748 5 1525 0
5 1525 0 1 748 5 1525 0
5 1525 0 1 748 5 1525 0
5 1525 0 1 748 5 1525 0
5 1525 0 1 748 5 1525 0
2 1450 1506 2 815 2 145 1 748 0 1305 1505
5 1525 0 1 336 5 1525 0
5 1525 0 1 336 5 1525 0
5 1525 0 1 336 5 1525 0
5 1525 0 1 336 5 1525 0
5 1525 0 1 336 5 1525 0
5 1525 0 1 336 5 1525 0
-1
5 18
5 1020 1 1 616 5 1020 1
5 1020 1 1 616 5 1020 1
5 1020 1 1 616 5 1020 1
5 1020 1 1 616 5 1020 1
5 1020 1 1 616 5 1020 1
5 1020 1 1 616 5 1020 1
5 1020 1 1 616 5 1020 1
5 1020 1 1 616 5 1020 1
5 1020 1 1 616 5 1020 1
5 1020 1 1 616 5 1020 1
5 1020 1 1 893 5 1020 1
5 1020 1 1 893 5 1020 1
5 1020 1 1 893 5 1020 1
5 1020 1 1 893 5 1020 1
5 1020 1 1 893 5 1020 1
5 1020 1 1 893 5 1020 1
5 1020 1 1 893 5 1020 1
0 199 1151 1 616 0 199 1151
-1
6 1
0 1548 172 1 373 0 1548 172
-1
7 0
-1
8 21
6 1381 0 1 562 6 1381 0
6 1381 0 1 562 6 1381 0
6 1381 0 1 562 6 1381 0
6 1381 0 1 562 6 1381 0
6 1381 0 1 562 6 1381 0
6 1381 0 1 562 6 1381 0
6 1381 0 1 562 6 1381 0
6 1381 0 1 562 6 1381 0
6 1381 0 1 562 6 1381 0
6 1381 0 1 562 6 1381 0
6 1381 0 1 562 6 1381 0
6 1381 0 1 562 6 1381 0
6 1381 0 1 562 6 1381 0
6 1381 0 1 562 6 1381 0
6 1381 0 1 562 6 1381 0
6 1381 0 1 562 6 1381 0
6 1381 0 1 562 6 1381 0
6 1381 0 1 562 6 1381 0
6 1381 0 1 562 6 1381 0
4 1224 3144 2 562 0 556 3144 309 4 668 0
6 1381 0 1 309 6 1381 0
-1
9 26
4 1323 1 1 1166 4 1323 1
4 1323 1 1 1166 4 1323 1
4 1323 1 1 1166 4 1323 1
4 1323 1 1 1166 4 1323 1
4 1323 1 1 1166 4 1323 1
4 1323 1 1 1166 4 1323 1
4 1323 1 1 1166 4 1323 1
4 1323 1 1 1166 4 1323 1
4 1323 1 1 1166 4 1323 1
4 1323 1 1 1166 4 1323 1
4 1323 1 1 1166 4 1323 1
4 1323 1 1 1166 4 1323 1
4 1323 1 1 1166 4 1323 1
4 1323 1 1 1166 4 1323 1
4 1323 1 1 1166 4 1323 1
4 1323 1 1 1166 4 1323 1
4 1323 1 1 1166 4 1323 1
4 1323 1 1 1166 4 1323 1
4 1323 1 1 1166 4 1323 1
4 1323 1 1 1166 4 1323 1
4 1323 1 1 1166 4 1323 1
4 1323 1 1 1166 4 1323 1
4 1323 1 1 1166 4 1323 1
0 1204 2389 1 1166 0 1204 2389
4 1323 1 1 264 4 1323 1
4 1323 1 1 264 4 1323 1
-1
10 11
5 1509 1 1 633 5 1509 1
5 1509 1 1 633 5 1509 1
5 1509 1 1 633 5 1509 1
5 1509 1 1 633 5 1509 1
5 1509 1 1 482 5 1509 1
5 1509 1 1 482 5 1509 1
5 1509 1 1 482 5 1509 1
5 1509 1 1 482 5 1509 1
5 1509 1 1 482 5 1509 1
5 1509 1 1 482 5 1509 1
5 1509 1 1 482 5 1509 1
-1
11 12
6 1506 1 1 336 6 1506 1
6 1506 1 1 336 6 1506 1
6 1506 1 1 336 6 1506 1
6 1506 1 1 336 6 1506 1
6 1506 1 1 336 6 1506 1
6 1506 1 1 336 6 1506 1
6 1506 1 1 336 6 1506 1
6 1506 1 1 336 6 1506 1
6 1506 1 1 336 6 1506 1
6 1506 1 1 336 6 1506 1
6 1506 1 1 336 6 1506 1
6 1506 1 1 336 6 1506 1
-1
12 18
2 1726 0 1 955 2 1726 0
2 1726 0 1 955 2 1726 0
2 1726 0 1 955 2 1726 0
2 1726 0 1 955 2 1726 0
2 1726 0 1 955 2 1726 0
2 1726 0 1 955 2 1726 0
2 1726 0 1 955 2 1726 0
2 1726 0 1 955 2 1726 0
2 1726 0 1 955 2 1726 0
2 1726 0 1 955 2 1726 0
2 1726 0 1 955 2 1726 0
2 1726 0 1 955 2 1726 0
2 1726 0 1 955 2 1726 0
2 1726 0 1 955 2 1726 0
2 1726 0 1 955 2 1726 0
2 1726 0 1 955 2 1726 0
2 1726 0 1 854 2 1726 0
2 1726 0 1 854 2 1726 0
-1
13 0
-1
14 18
7 1480 1 1 443 7 1480 1
7 1480 1 1 443 7 1480 1
7 1480 1 1 443 7 1480 1
7 1480 1 1 443 7 1480 1
7 1480 1 1 443 7 1480 1
7 1480 1 1 443 7 1480 1
7 1480 1 1 443 7 1480 1
0 1405 1515 1 443 0 1405 1515
7 1480 1 1 860 7 1480 1
7 1480 1 1 860 7 1480 1
7 1480 1 1 860 7 1480 1
7 1480 1 1 1040 7 1480 1
7 1480 1 1 1040 7 1480 1
7 1480 1 1 1040 7 1480 1
7 1480 1 1 1040 7 1480 1
7 1480 1 1 1040 7 1480 1
7 1480 1 1 1040 7 1480 1
7 1480 1 1 1040 7 1480 1
-1
15 0
-1
16 18
1 1102 0 1 127 1 1102 0
1 1102 0 1 127 1 1102 0
1 1102 0 1 127 1 1102 0
1 1102 0 1 127 1 1102 0
1 1102 0 1 127 1 1102 0
1 1102 0 1 127 1 1102 0
1 1102 0 1 127 1 1102 0
1 1102 0 1 127 1 1102 0
1 1102 0 1 127 1 1102 0
1 1102 0 1 127 1 1102 0
1 1102 0 1 127 1 1102 0
1 1102 0 1 127 1 1102 0
1 1102 0 1 127 1 1102 0
0 1024 1562 1 127 0 1024 1562
1 1102 0 1 531 1 1102 0
1 1102 0 1 531 1 1102 0
1 1102 0 1 531 1 1102 0
1 1102 0 1 531 1 1102 0
-1
17 15
0 876 590 1 860 0 876 590
1 1021 1 1 1040 1 1021 1
1 1021 1 1 1040 1 1021 1
1 1021 1 1 1040 1 1021 1
1 1021 1 1 1040 1 1021 1
1 1021 1 1 1040 1 1021 1
1 1021 1 1 1040 1 1021 1
1 1021 1 1 1040 1 1021 1
1 1021 1 1 1040 1 1021 1
1 1021 1 1 1040 1 1021 1
1 1021 1 1 1040 1 1021 1
1 1021 1 1 1040 1 1021 1
1 1021 1 1 1040 1 1021 1
1 1021 1 1 1040 1 1021 1
1 1021 1 1 1040 1 1021 1
-1
18 12
0 1082 0 1 451 0 1082 0
0 1082 0 1 451 0 1082 0
0 1082 0 1 451 0 1082 0
0 1082 0 1 451 0 1082 0
0 1082 0 1 451 0 1082 0
0 1082 0 1 451 0 1082 0
0 1082 0 1 451 0 1082 0
0 1082 0 1 451 0 1082 0
0 1082 0 1 451 0 1082 0
0 1082 0 1 451 0 1082 0
0 1082 0 1 451 0 1082 0
0 1082 0 1 451 0 1082 0
-1
19 21
0 1892 0 1 1138 0 1892 0
0 1892 0 1 1138 0 1892 0
0 1892 0 1 408 0 1892 0
0 1892 0 1 408 0 1892 0
0 1892 0 1 408 0 1892 0
0 1892 0 1 408 0 1892 0
0 1892 0 1 408 0 1892 0
0 1892 0 1 408 0 1892 0
0 1892 0 1 408 0 1892 0
0 1892 0 1 408 0 1892 0
0 1892 0 1 408 0 1892 0
0 1892 0 1 408 0 1892 0
0 1892 0 1 408 0 1892 0
0 1892 0 1 408 0 1892 0
0 1892 0 1 408 0 1892 0
0 1892 0 1 408 0 1892 0
0 1892 0 1 408 0 1892 0
0 1892 0 1 408 0 1892 0
0 1892 0 1 408 0 1892 0
0 1892 0 1 408 0 1892 0
0 1892 0 1 1120 0 1892 0
-1
20 21
9 1724 1 1 628 9 1724 1
9 1724 1 1 628 9 1724 1
9 1724 1 1 628 9 1724 1
9 1724 1 1 628 9 1724 1
9 1724 1 1 125 9 1724 1
9 1724 1 1 125 9 1724 1
9 1724 1 1 125 9 1724 1
9 1724 1 1 125 9 1724 1
9 1724 1 1 125 9 1724 1
9 1724 1 1 125 9 1724 1
9 1724 1 1 125 9 1724 1
9 1724 1 1 125 9 1724 1
9 1724 1 1 125 9 1724 1
9 1724 1 1 125 9 1724 1
9 1724 1 1 125 9 1724 1
9 1724 1 1 125 9 1724 1
9 1724 1 1 125 9 1724 1
9 1724 1 1 125 9 1724 1
9 1724 1 1 125 9 1724 1
9 1724 1 1 125 9 1724 1
9 1724 1 1 125 9 1724 1
-1
21 32
1 1053 0 1 359 1 1053 0
1 1053 0 1 359 1 1053 0
1 1053 0 1 359 1 1053 0
1 1053 0 1 359 1 1053 0
1 1053 0 1 359 1 1053 0
1 1053 0 1 359 1 1053 0
1 1053 0 1 359 1 1053 0
1 1053 0 1 359 1 1053 0
1 1053 0 1 359 1 1053 0
1 1053 0 1 359 1 1053 0
1 1053 0 1 359 1 1053 0
1 1053 0 1 359 1 1053 0
1 1053 0 1 359 1 1053 0
1 1053 0 1 359 1 1053 0
1 1053 0 1 359 1 1053 0
1 1053 0 1 359 1 1053 0
1 1053 0 1 359 1 1053 0
1 1053 0 1 359 1 1053 0
1 1053 0 1 359 1 1053 0
1 1053 0 1 359 1 1053 0
1 1053 0 1 359 1 1053 0
1 1053 0 1 359 1 1053 0
1 1053 0 1 359 1 1053 0
1 1053 0 1 359 1 1053 0
1 1053 0 1 359 1 1053 0
1 1053 0 1 359 1 1053 0
1 1053 0 1 359 1 1053 0
1 1053 0 1 359 1 1053 0
1 1053 0 1 359 1 1053 0
1 1053 0 1 359 1 1053 0
1 1053 0 1 44 1 1053 0
0 176 3650 1 359 0 176 3650
-1
22 15
8 910 0 1 116 8 910 0
8 910 0 1 116 8 910 0
8 910 0 1 116 8 910 0
8 910 0 1 116 8 910 0
8 910 0 1 116 8 910 0
6 882 564 2 116 0 486 564 204 6 396 0
8 910 0 1 204 8 910 0
8 910 0 1 204 8 910 0
8 910 0 1 204 8 910 0
8 910 0 1 204 8 910 0
8 910 0 1 204 8 910 0
8 910 0 1 204 8 910 0
8 910 0 1 204 8 910 0
8 910 0 1 204 8 910 0
8 910 0 1 204 8 910 0
-1
23 14
5 1247 0 1 676 5 1247 0
5 1247 0 1 676 5 1247 0
5 1247 0 1 676 5 1247 0
5 1247 0 1 676 5 1247 0
5 1247 0 1 676 5 1247 0
5 1247 0 1 676 5 1247 0
8 1200 934 2 1118 8 306 0 676 0 894 934
5 1247 0 1 608 5 1247 0
5 1247 0 1 608 5 1247 0
5 1247 0 1 608 5 1247 0
5 1247 0 1 608 5 1247 0
5 1247 0 1 608 5 1247 0
5 1247 0 1 608 5 1247 0
5 1247 0 1 608 5 1247 0
-1
24 0
-1
25 0
-1
26 16
3 1318 0 1 1045 3 1318 0
3 1318 0 1 1045 3 1318 0
3 1318 0 1 1045 3 1318 0
3 1318 0 1 1045 3 1318 0
3 1318 0 1 1045 3 1318 0
3 1318 0 1 1045 3 1318 0
3 1318 0 1 1045 3 1318 0
3 1318 0 1 1045 3 1318 0
3 1318 0 1 1045 3 1318 0
3 1318 0 1 1045 3 1318 0
3 1318 0 1 1045 3 1318 0
3 1318 0 1 1045 3 1318 0
3 1318 0 1 1045 3 1318 0
3 1318 0 1 1045 3 1318 0
3 1318 0 1 1045 3 1318 0
3 1318 0 1 1045 3 1318 0
-1
27 10
0 904 0 1 264 0 904 0
0 904 0 1 264 0 904 0
0 904 0 1 264 0 904 0
0 904 0 1 264 0 904 0
0 904 0 1 264 0 904 0
0 904 0 1 264 0 904 0
0 904 0 1 264 0 904 0
0 904 0 1 264 0 904 0
0 904 0 1 264 0 904 0
0 904 0 1 264 0 904 0
-1
28 14
6 1230 1 1 823 6 1230 1
6 1230 1 1 823 6 1230 1
6 1230 1 1 823 6 1230 1
6 1230 1 1 823 6 1230 1
6 1230 1 1 823 6 1230 1
6 1230 1 1 823 6 1230 1
6 1230 1 1 823 6 1230 1
6 1230 1 1 823 6 1230 1
6 1230 1 1 823 6 1230 1
6 1230 1 1 823 6 1230 1
6 1230 1 1 823 6 1230 1
6 1230 1 1 428 6 1230 1
6 1230 1 1 428 6 1230 1
6 1230 1 1 428 6 1230 1
-1
29 15
6 1572 0 1 531 6 1572 0
6 1572 0 1 337 6 1572 0
6 1572 0 1 337 6 1572 0
6 1572 0 1 337 6 1572 0
6 1572 0 1 337 6 1572 0
6 1572 0 1 337 6 1572 0
6 1572 0 1 337 6 1572 0
6 1572 0 1 337 6 1572 0
6 1572 0 1 337 6 1572 0
6 1572 0 1 337 6 1572 0
6 1572 0 1 337 6 1572 0
6 1572 0 1 660 6 1572 0
6 1572 0 1 660 6 1572 0
6 1572 0 1 660 6 1572 0
6 1572 0 1 660 6 1572 0
-1
30 1
1 1056 0 4 359 0 1 0 359 1 1053 0 359 0 1 0 359 0 1 0
-1
31 14
3 1492 0 1 854 3 1492 0
3 1492 0 1 854 3 1492 0
3 1492 0 1 854 3 1492 0
3 1492 0 1 854 3 1492 0
3 1492 0 1 854 3 1492 0
3 1492 0 1 854 3 1492 0
3 1492 0 1 854 3 1492 0
3 1492 0 1 854 3 1492 0
3 1492 0 1 854 3 1492 0
3 1492 0 1 854 3 1492 0
3 1492 0 1 854 3 1492 0
3 1492 0 1 854 3 1492 0
3 1492 0 1 854 3 1492 0
0 117 3085 1 955 0 117 3085
-1
32 0
-1
33 11
0 1529 1 1 44 0 1529 1
0 1529 1 1 44 0 1529 1
0 1529 1 1 44 0 1529 1
0 1529 1 1 44 0 1529 1
0 1529 1 1 1105 0 1529 1
0 1529 1 1 1105 0 1529 1
0 1529 1 1 1105 0 1529 1
0 1529 1 1 1105 0 1529 1
0 1529 1 1 1105 0 1529 1
0 1529 1 1 1105 0 1529 1
0 1529 1 1 1105 0 1529 1
-1
34 0
-1
35 1
6 1384 0 4 562 0 1 0 562 0 1 0 562 0 1 0 562 6 1381 0
-1
36 11
1 1357 0 1 893 1 1357 0
1 1357 0 1 893 1 1357 0
1 1357 0 1 893 1 1357 0
1 1357 0 1 528 1 1357 0
1 1357 0 1 528 1 1357 0
1 1357 0 1 528 1 1357 0
1 1357 0 1 528 1 1357 0
1 1357 0 1 528 1 1357 0
1 1357 0 1 528 1 1357 0
1 1357 0 1 528 1 1357 0
1 1357 0 1 528 1 1357 0
-1
37 12
3 1681 1 1 778 3 1681 1
3 1681 1 1 778 3 1681 1
3 1681 1 1 778 3 1681 1
3 1681 1 1 778 3 1681 1
3 1681 1 1 778 3 1681 1
3 1681 1 1 778 3 1681 1
3 1681 1 1 778 3 1681 1
3 1681 1 1 778 3 1681 1
3 1681 1 1 778 3 1681 1
3 1681 1 1 778 3 1681 1
3 1681 1 1 778 3 1681 1
3 1681 1 1 778 3 1681 1
-1
38 0
-1
39 0
-1
40 1
0 703 747 1 633 0 703 747
-1
