1 7
0 9004 997 36 553 0 918 102 552 0 1224 136 581 0 2988 332 582 0 1386 154 526 0 1 0 526 0 1 0 526 0 1 0 526 0 1 0 526 0 1 0 526 0 1 0 526 0 1 0 526 0 1 0 526 0 1 0 526 0 1 0 526 0 1 0 526 0 1 0 526 0 1 0 526 0 1 0 526 0 1 0 526 0 1 0 526 0 1 0 526 0 1 0 526 0 1 0 526 0 1 0 526 0 1 0 526 0 2457 273 526 0 1 0 526 0 1 0 526 0 1 0 526 0 1 0 526 0 1 0 526 0 1 0 526 0 1 0 526 0 1 0 526 0 1 0 526 0 1 0
8 9929 923 4 523 0 1521 169 613 8 1622 0 614 0 2250 250 615 0 4536 504
0 9715 1076 35 495 0 1764 196 437 0 2664 296 468 0 3159 351 498 0 2097 233 498 0 1 0 498 0 1 0 498 0 1 0 498 0 1 0 498 0 1 0 498 0 1 0 498 0 1 0 498 0 1 0 498 0 1 0 498 0 1 0 498 0 1 0 498 0 1 0 498 0 1 0 498 0 1 0 498 0 1 0 498 0 1 0 498 0 1 0 498 0 1 0 498 0 1 0 498 0 1 0 498 0 1 0 498 0 1 0 498 0 1 0 498 0 1 0 498 0 1 0 498 0 1 0 498 0 1 0 498 0 1 0 498 0 1 0 498 0 1 0 498 0 1 0
7 9928 945 5 465 0 1602 178 436 0 2043 227 410 0 3267 363 438 7 1432 1 466 0 1584 176
3 9938 753 4 612 0 1746 194 671 3 3161 0 670 0 2835 315 611 0 2196 244
0 9922 1079 5 467 0 1476 164 439 0 220 1 382 0 3330 370 412 0 3564 396 496 0 1332 148
0 9314 1032 32 525 0 927 103 469 0 1692 188 529 0 2664 296 528 0 1683 187 557 0 1152 128 557 0 1 0 556 0 1 0 556 0 1 0 556 0 1 0 556 0 1 0 556 0 1 0 556 0 1170 130 556 0 1 0 556 0 1 0 556 0 1 0 556 0 1 0 556 0 1 0 556 0 1 0 556 0 1 0 556 0 1 0 556 0 1 0 556 0 1 0 556 0 1 0 556 0 1 0 556 0 1 0 556 0 1 0 556 0 1 0 556 0 1 0 556 0 1 0 556 0 1 0 556 0 1 0 556 0 1 0
-1
2 5
0 11835 1310 50 609 0 1 0 609 0 1 0 609 0 1 0 609 0 1359 151 550 0 1953 217 521 0 2871 319 551 0 4581 509 580 0 1 0 580 0 1 0 580 0 1 0 580 0 1 0 580 0 1 0 580 0 1 0 580 0 1 0 580 0 1 0 580 0 1 0 580 0 1 0 580 0 1 0 580 0 1 0 580 0 1 0 580 0 1 0 580 0 1 0 580 0 1 0 580 0 1 0 580 0 1 0 580 0 1 0 580 0 1 0 580 0 1 0 580 0 1 0 580 0 1 0 580 0 1 0 580 0 1 0 580 0 1 0 580 0 1 0 580 0 1 0 580 0 1 0 580 0 1 0 580 0 1 0 580 0 1 0 580 0 1 0 580 0 1 0 580 0 1026 114 580 0 1 0 580 0 1 0 580 0 1 0 580 0 1 0 580 0 1 0 580 0 1 0 580 0 1 0 580 0 1 0
0 9333 1031 58 754 0 3429 381 724 0 3096 344 695 0 1719 191 666 0 1 0 666 0 1 0 666 0 1 0 666 0 1 0 666 0 1 0 666 0 1 0 666 0 1 0 666 0 1 0 666 0 1 0 666 0 1 0 666 0 1 0 666 0 1 0 666 0 1 0 666 0 1 0 666 0 1 0 666 0 1 0 666 0 1 0 666 0 1 0 666 0 1 0 666 0 1 0 666 0 1 0 666 0 1 0 666 0 1 0 666 0 1 0 666 0 1 0 666 0 1 0 666 0 1 0 666 0 1 0 666 0 1 0 666 0 1 0 666 0 1 0 666 0 1 0 666 0 1 0 666 0 1 0 666 0 1 0 666 0 1 0 666 0 1 0 666 0 1 0 666 0 1 0 666 0 1 0 666 0 1 0 666 0 1 0 666 0 1 0 666 0 1 0 666 0 1 0 666 0 1035 115 666 0 1 0 666 0 1 0 666 0 1 0 666 0 1 0 666 0 1 0 666 0 1 0 666 0 1 0 666 0 1 0 666 0 1 0
0 10610 1174 49 635 0 3438 382 692 0 2250 250 694 0 1323 147 723 0 963 107 667 0 1 0 667 0 1 0 667 0 1 0 667 0 2592 288 667 0 1 0 667 0 1 0 667 0 1 0 667 0 1 0 667 0 1 0 667 0 1 0 667 0 1 0 667 0 1 0 667 0 1 0 667 0 1 0 667 0 1 0 667 0 1 0 667 0 1 0 667 0 1 0 667 0 1 0 667 0 1 0 667 0 1 0 667 0 1 0 667 0 1 0 667 0 1 0 667 0 1 0 667 0 1 0 667 0 1 0 667 0 1 0 667 0 1 0 667 0 1 0 667 0 1 0 667 0 1 0 667 0 1 0 667 0 1 0 667 0 1 0 667 0 1 0 667 0 1 0 667 0 1 0 667 0 1 0 667 0 1 0 667 0 1 0 667 0 1 0 667 0 1 0 667 0 1 0 667 0 1 0
0 11279 1248 53 578 0 2898 322 577 0 2781 309 607 0 1962 218 636 0 450 50 636 0 1 0 636 0 1 0 664 0 1 0 664 0 1 0 664 0 1476 164 664 0 1 0 664 0 1 0 664 0 1 0 664 0 1 0 665 0 1 0 665 0 1 0 665 0 1 0 665 0 1 0 665 0 1 0 665 0 1 0 665 0 1 0 665 0 1 0 665 0 1 0 665 0 1 0 665 0 1 0 665 0 1 0 665 0 1 0 665 0 1665 185 665 0 1 0 665 0 1 0 665 0 1 0 665 0 1 0 665 0 1 0 665 0 1 0 665 0 1 0 665 0 1 0 665 0 1 0 665 0 1 0 665 0 1 0 665 0 1 0 665 0 1 0 665 0 1 0 665 0 1 0 665 0 1 0 665 0 1 0 665 0 1 0 665 0 1 0 665 0 1 0 665 0 1 0 665 0 1 0 665 0 1 0 665 0 1 0 665 0 1 0 665 0 1 0
9 3430 377 51 725 0 1449 161 753 0 936 104 752 0 522 58 696 0 288 54 696 0 1 0 696 0 1 0 696 0 1 0 696 0 1 0 696 0 1 0 696 0 1 0 696 0 1 0 696 0 1 0 696 0 1 0 696 0 1 0 696 0 1 0 696 0 1 0 696 0 1 0 696 0 1 0 696 0 1 0 696 0 1 0 696 0 1 0 696 0 1 0 696 0 1 0 696 0 1 0 696 0 1 0 696 0 1 0 696 0 1 0 696 0 1 0 696 0 1 0 696 0 1 0 696 0 1 0 696 0 1 0 696 0 1 0 696 0 1 0 696 0 1 0 696 0 1 0 696 0 1 0 696 0 1 0 696 0 1 0 696 0 1 0 696 0 1 0 696 0 1 0 696 0 1 0 696 0 1 0 696 0 1 0 696 0 1 0 696 0 1 0 696 0 1 0 696 0 1 0 696 0 1 0 696 9 189 0
-1
3 5
0 7674 847 56 139 0 1 0 139 0 1935 215 169 0 1422 158 140 0 837 93 170 0 2367 263 199 0 1 0 199 0 1 0 199 0 1 0 199 0 1 0 199 0 1 0 199 0 1 0 199 0 1 0 199 0 1 0 199 0 1 0 199 0 1 0 199 0 1 0 199 0 1 0 199 0 1 0 199 0 1 0 199 0 1 0 199 0 1062 118 199 0 1 0 199 0 1 0 199 0 1 0 199 0 1 0 199 0 1 0 199 0 1 0 199 0 1 0 199 0 1 0 199 0 1 0 199 0 1 0 199 0 1 0 199 0 1 0 199 0 1 0 199 0 1 0 199 0 1 0 199 0 1 0 199 0 1 0 199 0 1 0 199 0 1 0 199 0 1 0 199 0 1 0 199 0 1 0 199 0 1 0 199 0 1 0 199 0 1 0 199 0 1 0 199 0 1 0 199 0 1 0 199 0 1 0 199 0 1 0 199 0 1 0 199 0 1 0 199 0 1 0 199 0 1 0 199 0 1 0
0 8890 982 55 165 0 3339 371 193 0 4716 524 224 0 1 0 224 0 1 0 224 0 1 0 224 0 1 0 224 0 1 0 224 0 1 0 224 0 1 0 224 0 1 0 224 0 1 0 224 0 1 0 224 0 1 0 224 0 1 0 224 0 1 0 224 0 1 0 224 0 1 0 224 0 1 0 224 0 1 0 224 0 1 0 224 0 1 0 224 0 783 87 224 0 1 0 224 0 1 0 224 0 1 0 224 0 1 0 224 0 1 0 224 0 1 0 224 0 1 0 224 0 1 0 224 0 1 0 224 0 1 0 224 0 1 0 224 0 1 0 224 0 1 0 224 0 1 0 224 0 1 0 224 0 1 0 224 0 1 0 224 0 1 0 224 0 1 0 224 0 1 0 224 0 1 0 224 0 1 0 224 0 1 0 224 0 1 0 224 0 1 0 224 0 1 0 224 0 1 0 224 0 1 0 224 0 1 0 224 0 1 0 224 0 1 0 224 0 1 0 224 0 1 0
7 3055 335 50 195 0 900 208 195 0 1 0 195 7 965 0 194 0 1 0 194 0 1 0 194 0 1 0 194 0 1 0 194 0 1 0 194 0 1 0 194 0 1 0 194 0 1 0 194 0 1 0 194 0 1 0 194 0 1 0 194 0 1 0 194 0 1 0 194 0 1 0 194 0 1 0 194 0 1 0 194 0 1 0 194 0 1 0 194 0 1 0 194 0 1 0 194 0 1 0 194 0 1 0 194 0 1 0 194 0 1 0 194 0 1 0 194 0 1 0 194 0 1 0 194 0 1 0 194 0 1 0 194 0 1 0 194 0 1 0 194 0 1 0 194 0 1 0 194 0 1 0 194 0 1 0 194 0 1143 127 194 0 1 0 194 0 1 0 194 0 1 0 194 0 1 0 194 0 1 0 194 0 1 0 194 0 1 0 194 0 1 0 194 0 1 0 194 0 1 0 194 0 1 0
3 9017 963 5 107 0 1620 180 106 0 2646 294 136 0 2547 283 137 0 1845 205 166 3 359 1
0 5847 646 36 80 0 1 0 80 0 1602 178 50 0 3420 380 108 0 1 0 108 0 1 0 108 0 1 0 108 0 1 0 108 0 1 0 108 0 1 0 108 0 1 0 108 0 1 0 108 0 1 0 108 0 1 0 108 0 1 0 108 0 1 0 108 0 1 0 108 0 1 0 108 0 1 0 108 0 1 0 108 0 1 0 108 0 1 0 108 0 1 0 108 0 1 0 108 0 1 0 108 0 1 0 108 0 1 0 108 0 1 0 108 0 1 0 108 0 1 0 108 0 1 0 108 0 1 0 108 0 1 0 108 0 1 0 108 0 1 0 108 0 792 88 108 0 1 0
-1
4 4
0 6147 678 49 719 0 1593 177 690 0 1944 216 691 0 1476 164 751 0 1 0 751 0 1 0 751 0 1 0 751 0 1 0 751 0 1 0 751 0 1089 121 751 0 1 0 751 0 1 0 751 0 1 0 751 0 1 0 751 0 1 0 751 0 1 0 751 0 1 0 751 0 1 0 751 0 1 0 751 0 1 0 751 0 1 0 751 0 1 0 751 0 1 0 751 0 1 0 751 0 1 0 751 0 1 0 751 0 1 0 751 0 1 0 751 0 1 0 751 0 1 0 751 0 1 0 751 0 1 0 751 0 1 0 751 0 1 0 751 0 1 0 751 0 1 0 751 0 1 0 751 0 1 0 751 0 1 0 751 0 1 0 751 0 1 0 751 0 1 0 751 0 1 0 751 0 1 0 751 0 1 0 751 0 1 0 751 0 1 0 751 0 1 0 751 0 1 0 751 0 1 0
0 10582 1170 57 748 0 1818 202 747 0 1665 185 718 0 1611 179 720 0 1 0 720 0 1386 154 749 0 1 0 749 0 1 0 749 0 1 0 749 0 1 0 749 0 1 0 749 0 1 0 749 0 1 0 749 0 1 0 749 0 1 0 749 0 1 0 749 0 1 0 749 0 1 0 749 0 1 0 749 0 1 0 749 0 1 0 749 0 1 0 749 0 1 0 749 0 1 0 749 0 1 0 749 0 1 0 749 0 1 0 749 0 1 0 749 0 1 0 749 0 1 0 749 0 1 0 749 0 1 0 749 0 1 0 749 0 1 0 749 0 1 0 749 0 1 0 749 0 1 0 749 0 1 0 749 0 1 0 749 0 1 0 749 0 1 0 749 0 1 0 749 0 1 0 749 0 1 0 749 0 1 0 749 0 1 0 749 0 1 0 749 0 1 0 749 0 1 0 749 0 1 0 749 0 4050 450 749 0 1 0 749 0 1 0 749 0 1 0 749 0 1 0 749 0 1 0 749 0 1 0 749 0 1 0
0 3009 327 69 722 0 1233 137 693 0 963 107 750 0 1 0 750 0 1 0 750 0 1 0 750 0 1 0 750 0 1 0 750 0 1 0 750 0 1 0 750 0 1 0 750 0 1 0 750 0 1 0 750 0 1 0 750 0 1 0 750 0 1 0 750 0 1 0 750 0 1 0 750 0 1 0 750 0 1 0 750 0 1 0 750 0 1 0 750 0 1 0 750 0 1 0 750 0 1 0 750 0 1 0 750 0 1 0 750 0 1 0 750 0 1 0 750 0 1 0 750 0 1 0 750 0 1 0 750 0 1 0 750 0 1 0 750 0 1 0 750 0 1 0 750 0 1 0 750 0 1 0 750 0 1 0 750 0 1 0 750 0 1 0 750 0 1 0 750 0 1 0 750 0 1 0 750 0 1 0 750 0 1 0 750 0 1 0 750 0 1 0 750 0 1 0 750 0 1 0 750 0 1 0 750 0 1 0 750 0 1 0 750 0 1 0 750 0 1 0 750 0 1 0 750 0 1 0 750 0 1 0 750 0 747 83 750 0 1 0 750 0 1 0 750 0 1 0 750 0 1 0 750 0 1 0 750 0 1 0 750 0 1 0 750 0 1 0 750 0 1 0 750 0 1 0 750 0 1 0
0 7910 872 67 661 0 738 82 662 0 2106 234 633 0 1170 130 663 0 675 75 721 0 1 0 721 0 1 0 721 0 1 0 721 0 1 0 721 0 1 0 721 0 1 0 721 0 1 0 721 0 3159 351 721 0 1 0 721 0 1 0 721 0 1 0 721 0 1 0 721 0 1 0 721 0 1 0 721 0 1 0 721 0 1 0 721 0 1 0 721 0 1 0 721 0 1 0 721 0 1 0 721 0 1 0 721 0 1 0 721 0 1 0 721 0 1 0 721 0 1 0 721 0 1 0 721 0 1 0 721 0 1 0 721 0 1 0 721 0 1 0 721 0 1 0 721 0 1 0 721 0 1 0 721 0 1 0 721 0 1 0 721 0 1 0 721 0 1 0 721 0 1 0 721 0 1 0 721 0 1 0 721 0 1 0 721 0 1 0 721 0 1 0 721 0 1 0 721 0 1 0 721 0 1 0 721 0 1 0 721 0 1 0 721 0 1 0 721 0 1 0 721 0 1 0 721 0 1 0 721 0 1 0 721 0 1 0 721 0 1 0 721 0 1 0 721 0 1 0 721 0 1 0 721 0 1 0 721 0 1 0 721 0 1 0 721 0 1 0 721 0 1 0
-1
5 5
5 9207 887 3 617 5 1233 1 618 0 2412 268 619 0 5562 618
0 4199 462 44 643 0 2106 234 672 0 1305 145 642 0 1 0 642 0 1 0 642 0 1 0 642 0 1 0 642 0 1 0 642 0 1 0 642 0 747 83 642 0 1 0 642 0 1 0 642 0 1 0 642 0 1 0 642 0 1 0 642 0 1 0 642 0 1 0 642 0 1 0 642 0 1 0 642 0 1 0 642 0 1 0 642 0 1 0 642 0 1 0 642 0 1 0 642 0 1 0 642 0 1 0 642 0 1 0 642 0 1 0 642 0 1 0 642 0 1 0 642 0 1 0 642 0 1 0 642 0 1 0 642 0 1 0 642 0 1 0 642 0 1 0 642 0 1 0 642 0 1 0 642 0 1 0 642 0 1 0 642 0 1 0 642 0 1 0 642 0 1 0 642 0 1 0 642 0 1 0
0 8991 1153 50 494 0 756 84 379 0 1035 115 323 0 3222 358 409 0 1584 176 408 0 1719 191 438 0 1 0 438 0 1 0 438 0 1 0 438 0 631 229 438 0 1 0 438 0 1 0 438 0 1 0 438 0 1 0 438 0 1 0 438 0 1 0 438 0 1 0 438 0 1 0 438 0 1 0 438 0 1 0 438 0 1 0 438 0 1 0 438 0 1 0 438 0 1 0 438 0 1 0 438 0 1 0 438 0 1 0 438 0 1 0 438 0 1 0 438 0 1 0 438 0 1 0 438 0 1 0 438 0 1 0 438 0 1 0 438 0 1 0 438 0 1 0 438 0 1 0 438 0 1 0 438 0 1 0 438 0 1 0 438 0 1 0 438 0 1 0 438 0 1 0 438 0 1 0 438 0 1 0 438 0 1 0 438 0 1 0 438 0 1 0 438 0 1 0 438 0 1 0 438 0 1 0
7 8700 780 63 668 0 1683 187 697 0 2331 259 728 7 1622 0 669 0 1908 212 641 0 1 0 641 0 1 0 641 0 1 0 641 0 1 0 641 0 1 0 641 0 1 0 641 0 1 0 641 0 1 0 641 0 1 0 641 0 1 0 641 0 1 0 641 0 1 0 641 0 1 0 641 0 1 0 641 0 1 0 641 0 1 0 641 0 1 0 641 0 1 0 641 0 1 0 641 0 1 0 641 0 1 0 641 0 1 0 641 0 1 0 641 0 1 0 641 0 1 0 641 0 1 0 641 0 1 0 641 0 1 0 641 0 1 0 641 0 1 0 641 0 1 0 641 0 1 0 641 0 1 0 641 0 1 0 641 0 1 0 641 0 1 0 641 0 1 0 641 0 1 0 641 0 1 0 641 0 1 0 641 0 1 0 641 0 1 0 641 0 1 0 641 0 1 0 641 0 1098 122 641 0 1 0 641 0 1 0 641 0 1 0 641 0 1 0 641 0 1 0 641 0 1 0 641 0 1 0 641 0 1 0 641 0 1 0 641 0 1 0 641 0 1 0 641 0 1 0 641 0 1 0 641 0 1 0
0 3322 364 50 610 0 1008 112 639 0 819 91 640 0 954 106 555 0 1 0 555 0 1 0 555 0 1 0 555 0 1 0 555 0 1 0 555 0 1 0 555 0 1 0 555 0 1 0 555 0 1 0 555 0 1 0 555 0 1 0 555 0 1 0 555 0 1 0 555 0 1 0 555 0 1 0 555 0 1 0 555 0 1 0 555 0 495 55 555 0 1 0 555 0 1 0 555 0 1 0 555 0 1 0 555 0 1 0 555 0 1 0 555 0 1 0 555 0 1 0 555 0 1 0 555 0 1 0 555 0 1 0 555 0 1 0 555 0 1 0 555 0 1 0 555 0 1 0 555 0 1 0 555 0 1 0 555 0 1 0 555 0 1 0 555 0 1 0 555 0 1 0 555 0 1 0 555 0 1 0 555 0 1 0 555 0 1 0 555 0 1 0 555 0 1 0 555 0 1 0 555 0 1 0
-1
6 5
0 10959 1213 47 402 0 2880 320 431 0 2709 301 458 0 3510 390 429 0 1 0 429 0 1242 138 429 0 1 0 367 0 576 64 367 0 1 0 367 0 1 0 367 0 1 0 367 0 1 0 367 0 1 0 367 0 1 0 367 0 1 0 367 0 1 0 367 0 1 0 367 0 1 0 367 0 1 0 367 0 1 0 367 0 1 0 367 0 1 0 367 0 1 0 367 0 1 0 367 0 1 0 367 0 1 0 367 0 1 0 367 0 1 0 367 0 1 0 367 0 1 0 367 0 1 0 367 0 1 0 367 0 1 0 367 0 1 0 367 0 1 0 367 0 1 0 367 0 1 0 367 0 1 0 367 0 1 0 367 0 1 0 367 0 1 0 367 0 1 0 367 0 1 0 367 0 1 0 367 0 1 0 367 0 1 0 367 0 1 0 367 0 1 0
1 10606 1173 57 368 0 3789 421 427 0 1503 167 428 0 1827 203 459 0 530 161 459 1 918 0 459 0 1 0 430 0 594 66 400 0 1 0 400 0 1 0 400 0 1 0 400 0 1 0 400 0 1 0 400 0 1 0 400 0 1 0 400 0 1 0 400 0 1 0 400 0 1 0 400 0 1 0 400 0 1 0 400 0 1 0 400 0 1 0 400 0 1 0 400 0 1 0 400 0 1 0 400 0 1 0 400 0 1 0 400 0 1 0 400 0 1 0 400 0 1 0 400 0 1 0 400 0 1 0 400 0 1 0 400 0 1 0 400 0 1 0 400 0 1 0 400 0 1 0 400 0 1 0 400 0 1 0 400 0 1 0 400 0 1 0 400 0 1 0 400 0 1 0 400 0 1 0 400 0 1 0 400 0 1 0 400 0 1 0 400 0 1 0 400 0 1 0 400 0 1 0 400 0 1 0 400 0 1395 155 400 0 1 0 400 0 1 0 400 0 1 0 400 0 1 0 400 0 1 0 400 0 1 0
0 12245 1356 47 342 0 1071 119 398 0 2448 272 426 0 2646 294 396 0 2493 277 366 0 1 0 366 0 1 0 366 0 1980 220 340 0 1 0 340 0 1566 174 340 0 1 0 340 0 1 0 340 0 1 0 340 0 1 0 340 0 1 0 340 0 1 0 340 0 1 0 340 0 1 0 340 0 1 0 340 0 1 0 340 0 1 0 340 0 1 0 340 0 1 0 340 0 1 0 340 0 1 0 340 0 1 0 340 0 1 0 340 0 1 0 340 0 1 0 340 0 1 0 340 0 1 0 340 0 1 0 340 0 1 0 340 0 1 0 340 0 1 0 340 0 1 0 340 0 1 0 340 0 1 0 340 0 1 0 340 0 1 0 340 0 1 0 340 0 1 0 340 0 1 0 340 0 1 0 340 0 1 0 340 0 1 0 340 0 1 0 340 0 1 0
3 12258 1256 5 348 0 3078 342 377 0 2484 276 376 0 3438 382 375 3 963 1 346 0 2295 255
0 10117 1119 51 488 0 3258 362 460 0 2052 228 490 0 2196 244 461 0 1683 187 372 0 1 0 372 0 1 0 372 0 1 0 372 0 1 0 372 0 1 0 372 0 1 0 372 0 1 0 372 0 1 0 372 0 1 0 372 0 1 0 372 0 1 0 372 0 1 0 372 0 1 0 372 0 1 0 372 0 1 0 372 0 1 0 372 0 1 0 372 0 1 0 372 0 1 0 372 0 1 0 372 0 1 0 372 0 1 0 372 0 1 0 372 0 1 0 372 0 1 0 372 0 1 0 372 0 1 0 372 0 1 0 372 0 1 0 372 0 1 0 372 0 1 0 372 0 1 0 372 0 1 0 372 0 1 0 372 0 1 0 372 0 1 0 372 0 1 0 372 0 1 0 372 0 1 0 372 0 1 0 372 0 1 0 372 0 882 98 372 0 1 0 372 0 1 0 372 0 1 0 372 0 1 0 372 0 1 0
-1
7 4
0 11995 1325 76 586 0 1692 188 675 0 1962 218 736 0 5733 637 585 0 1161 129 584 0 1 0 584 0 630 70 584 0 1 0 554 0 1 0 554 0 1 0 554 0 1 0 554 0 1 0 554 0 1 0 554 0 1 0 554 0 1 0 554 0 1 0 554 0 1 0 554 0 1 0 554 0 1 0 554 0 1 0 554 0 1 0 554 0 1 0 554 0 1 0 554 0 1 0 554 0 1 0 554 0 1 0 554 0 1 0 554 0 1 0 554 0 1 0 554 0 1 0 554 0 1 0 554 0 1 0 554 0 1 0 554 0 1 0 554 0 1 0 554 0 1 0 554 0 1 0 554 0 1 0 554 0 1 0 554 0 1 0 554 0 1 0 554 0 1 0 554 0 1 0 554 0 1 0 554 0 1 0 554 0 1 0 554 0 1 0 554 0 1 0 554 0 1 0 554 0 1 0 554 0 1 0 554 0 1 0 554 0 1 0 554 0 1 0 554 0 1 0 554 0 1 0 554 0 1 0 554 0 1 0 554 0 1 0 554 0 1 0 554 0 747 83 554 0 1 0 554 0 1 0 554 0 1 0 554 0 1 0 554 0 1 0 554 0 1 0 554 0 1 0 554 0 1 0 554 0 1 0 554 0 1 0 554 0 1 0 554 0 1 0 554 0 1 0 554 0 1 0 554 0 1 0 554 0 1 0
1 15629 1732 51 474 0 3393 377 445 0 2358 262 472 0 2016 224 442 0 1908 212 440 0 1656 184 411 0 1764 196 470 0 1305 145 497 0 949 131 497 0 1 0 497 0 1 0 497 0 1 0 497 0 1 0 497 0 1 0 497 1 238 1 497 0 1 0 497 0 1 0 497 0 1 0 497 0 1 0 497 0 1 0 497 0 1 0 497 0 1 0 497 0 1 0 497 0 1 0 497 0 1 0 497 0 1 0 497 0 1 0 497 0 1 0 497 0 1 0 497 0 1 0 497 0 1 0 497 0 1 0 497 0 1 0 497 0 1 0 497 0 1 0 497 0 1 0 497 0 1 0 497 0 1 0 497 0 1 0 497 0 1 0 497 0 1 0 497 0 1 0 497 0 1 0 497 0 1 0 497 0 1 0 497 0 1 0 497 0 1 0 497 0 1 0 497 0 1 0 497 0 1 0 497 0 1 0 497 0 1 0
0 15146 1676 70 729 0 2484 276 756 0 3150 350 758 0 2745 305 788 0 2646 294 787 0 1197 133 700 0 1188 132 699 0 756 84 583 0 1 0 583 0 1 0 583 0 1 0 583 0 1 0 583 0 1 0 583 0 1 0 583 0 1 0 583 0 1 0 583 0 1 0 583 0 1 0 583 0 1 0 583 0 1 0 583 0 1 0 583 0 1 0 583 0 1 0 583 0 1 0 583 0 1 0 583 0 1 0 583 0 1 0 583 0 1 0 583 0 1 0 583 0 1 0 583 0 1 0 583 0 1 0 583 0 1 0 583 0 1 0 583 0 1 0 583 0 1 0 583 0 1 0 583 0 918 102 583 0 1 0 583 0 1 0 583 0 1 0 583 0 1 0 583 0 1 0 583 0 1 0 583 0 1 0 583 0 1 0 583 0 1 0 583 0 1 0 583 0 1 0 583 0 1 0 583 0 1 0 583 0 1 0 583 0 1 0 583 0 1 0 583 0 1 0 583 0 1 0 583 0 1 0 583 0 1 0 583 0 1 0 583 0 1 0 583 0 1 0 583 0 1 0 583 0 1 0 583 0 1 0 583 0 1 0 583 0 1 0 583 0 1 0 583 0 1 0 583 0 1 0 583 0 1 0 583 0 1 0
1 6406 728 72 407 0 1260 140 378 0 1692 188 383 0 1692 188 439 0 536 83 524 0 207 129 524 0 1 0 524 0 1 0 524 0 1 0 524 0 1 0 524 0 1 0 524 0 1 0 524 0 1 0 524 0 1 0 524 0 1 0 524 0 1 0 524 0 1 0 524 0 1 0 524 0 1 0 524 1 953 0 524 0 1 0 524 0 1 0 524 0 1 0 524 0 1 0 524 0 1 0 524 0 1 0 524 0 1 0 524 0 1 0 524 0 1 0 524 0 1 0 524 0 1 0 524 0 1 0 524 0 1 0 524 0 1 0 524 0 1 0 524 0 1 0 524 0 1 0 524 0 1 0 524 0 1 0 524 0 1 0 524 0 1 0 524 0 1 0 524 0 1 0 524 0 1 0 524 0 1 0 524 0 1 0 524 0 1 0 524 0 1 0 524 0 1 0 524 0 1 0 524 0 1 0 524 0 1 0 524 0 1 0 524 0 1 0 524 0 1 0 524 0 1 0 524 0 1 0 524 0 1 0 524 0 1 0 524 0 1 0 524 0 1 0 524 0 1 0 524 0 1 0 524 0 1 0 524 0 1 0 524 0 1 0 524 0 1 0 524 0 1 0 524 0 1 0 524 0 1 0 524 0 1 0 524 0 1 0 524 0 1 0
-1
8 4
8 13423 1453 68 83 0 2061 229 27 0 3510 390 143 0 1512 168 172 8 286 0 173 0 450 50 203 0 3744 416 145 0 801 89 144 0 1 0 144 0 1 0 144 0 1 0 144 0 1 0 144 0 1 0 144 0 1 0 144 0 999 111 144 0 1 0 144 0 1 0 144 0 1 0 144 0 1 0 144 0 1 0 144 0 1 0 144 0 1 0 144 0 1 0 144 0 1 0 144 0 1 0 144 0 1 0 144 0 1 0 144 0 1 0 144 0 1 0 144 0 1 0 144 0 1 0 144 0 1 0 144 0 1 0 144 0 1 0 144 0 1 0 144 0 1 0 144 0 1 0 144 0 1 0 144 0 1 0 144 0 1 0 144 0 1 0 144 0 1 0 144 0 1 0 144 0 1 0 144 0 1 0 144 0 1 0 144 0 1 0 144 0 1 0 144 0 1 0 144 0 1 0 144 0 1 0 144 0 1 0 144 0 1 0 144 0 1 0 144 0 1 0 144 0 1 0 144 0 1 0 144 0 1 0 144 0 1 0 144 0 1 0 144 0 1 0 144 0 1 0 144 0 1 0 144 0 1 0 144 0 1 0 144 0 1 0 144 0 1 0 144 0 1 0 144 0 1 0
0 16622 1875 53 115 0 1107 123 86 0 1989 221 174 0 1854 206 172 0 1083 153 201 0 1251 139 230 0 1512 168 260 0 1656 184 259 0 1035 115 228 0 1161 129 200 0 621 69 171 0 1 0 171 0 1593 177 171 0 1 0 141 0 1 0 141 0 1 0 141 0 1 0 141 0 1 0 141 0 1 0 141 0 1 0 141 0 1 0 141 0 1 0 141 0 1 0 141 0 1 0 141 0 1 0 141 0 1 0 141 0 1 0 141 0 1 0 141 0 1 0 141 0 1 0 141 0 1 0 141 0 1 0 141 0 1 0 141 0 1 0 141 0 1719 191 141 0 1 0 141 0 1 0 141 0 1 0 141 0 1 0 141 0 1 0 141 0 1 0 141 0 1 0 141 0 1 0 141 0 1 0 141 0 1 0 141 0 1 0 141 0 1 0 141 0 1 0 141 0 1 0 141 0 1 0 141 0 1 0 141 0 1 0 141 0 1 0 141 0 1 0
0 16104 1783 63 51 0 1539 171 22 0 1773 197 21 0 1737 193 47 0 3231 359 75 0 3789 421 112 0 1 0 112 0 1 0 112 0 1 0 112 0 1 0 112 0 1 0 112 0 1 0 112 0 1 0 112 0 1 0 112 0 1 0 112 0 1 0 112 0 1 0 112 0 1 0 112 0 1 0 112 0 1 0 112 0 1 0 112 0 1 0 112 0 1 0 112 0 1 0 112 0 1 0 112 0 1 0 112 0 1 0 112 0 1 0 112 0 1 0 112 0 1 0 112 0 1 0 112 0 1 0 112 0 1 0 112 0 1 0 112 0 1 0 112 0 1 0 112 0 1 0 112 0 1 0 112 0 1 0 112 0 1 0 112 0 3978 442 112 0 1 0 112 0 1 0 112 0 1 0 112 0 1 0 112 0 1 0 112 0 1 0 112 0 1 0 112 0 1 0 112 0 1 0 112 0 1 0 112 0 1 0 112 0 1 0 112 0 1 0 112 0 1 0 112 0 1 0 112 0 1 0 112 0 1 0 112 0 1 0 112 0 1 0 112 0 1 0 112 0 1 0 112 0 1 0 112 0 1 0
0 7430 818 75 56 0 1260 140 84 0 666 74 26 0 639 71 25 0 810 90 20 0 1989 221 78 0 954 106 81 0 1 0 81 0 1 0 81 0 1 0 81 0 1 0 81 0 1 0 81 0 1 0 81 0 1 0 81 0 1 0 81 0 1 0 81 0 1 0 81 0 1044 116 81 0 1 0 81 0 1 0 81 0 1 0 81 0 1 0 81 0 1 0 81 0 1 0 81 0 1 0 81 0 1 0 81 0 1 0 81 0 1 0 81 0 1 0 81 0 1 0 81 0 1 0 81 0 1 0 81 0 1 0 81 0 1 0 81 0 1 0 81 0 1 0 81 0 1 0 81 0 1 0 81 0 1 0 81 0 1 0 81 0 1 0 81 0 1 0 81 0 1 0 81 0 1 0 81 0 1 0 81 0 1 0 81 0 1 0 81 0 1 0 81 0 1 0 81 0 1 0 81 0 1 0 81 0 1 0 81 0 1 0 81 0 1 0 81 0 1 0 81 0 1 0 81 0 1 0 81 0 1 0 81 0 1 0 81 0 1 0 81 0 1 0 81 0 1 0 81 0 1 0 81 0 1 0 81 0 1 0 81 0 1 0 81 0 1 0 81 0 1 0 81 0 1 0 81 0 1 0 81 0 1 0 81 0 1 0 81 0 1 0 81 0 1 0 81 0 1 0 81 0 1 0
-1
9 4
0 11041 1221 60 574 0 639 71 545 0 693 77 546 0 1107 123 517 0 2151 239 489 0 2088 232 547 0 1629 181 575 0 954 106 632 0 1 0 632 0 1 0 632 0 1 0 632 0 1 0 632 0 1 0 632 0 1 0 632 0 1 0 632 0 1 0 632 0 1 0 632 0 1 0 632 0 1 0 632 0 1 0 632 0 1 0 632 0 1 0 632 0 1 0 632 0 1 0 632 0 1 0 632 0 1 0 632 0 1 0 632 0 1 0 632 0 1 0 632 0 1 0 632 0 1 0 632 0 1 0 632 0 1 0 632 0 1 0 632 0 1 0 632 0 1 0 632 0 1 0 632 0 1 0 632 0 1 0 632 0 1 0 632 0 1 0 632 0 1 0 632 0 1 0 632 0 1 0 632 0 1 0 632 0 1 0 632 0 1 0 632 0 1 0 632 0 1 0 632 0 1 0 632 0 1 0 632 0 1 0 632 0 1 0 632 0 1 0 632 0 1 0 632 0 1 0 632 0 1728 192 632 0 1 0 632 0 1 0 632 0 1 0 632 0 1 0
0 4851 532 67 660 0 1413 157 689 0 972 108 571 0 1170 130 571 0 1 0 602 0 1 0 602 0 1 0 602 0 1 0 602 0 1 0 602 0 1 0 602 0 1 0 602 0 1 0 602 0 1 0 602 0 1233 137 602 0 1 0 602 0 1 0 602 0 1 0 602 0 1 0 602 0 1 0 602 0 1 0 602 0 1 0 602 0 1 0 602 0 1 0 602 0 1 0 602 0 1 0 602 0 1 0 602 0 1 0 602 0 1 0 602 0 1 0 602 0 1 0 602 0 1 0 602 0 1 0 602 0 1 0 602 0 1 0 602 0 1 0 602 0 1 0 602 0 1 0 602 0 1 0 602 0 1 0 602 0 1 0 602 0 1 0 602 0 1 0 602 0 1 0 602 0 1 0 602 0 1 0 602 0 1 0 602 0 1 0 602 0 1 0 602 0 1 0 602 0 1 0 602 0 1 0 602 0 1 0 602 0 1 0 602 0 1 0 602 0 1 0 602 0 1 0 602 0 1 0 602 0 1 0 602 0 1 0 602 0 1 0 602 0 1 0 602 0 1 0 602 0 1 0 602 0 1 0 602 0 1 0 602 0 1 0 602 0 1 0 602 0 1 0
0 10236 1130 70 601 0 603 67 601 0 1 0 627 0 1998 222 597 0 1 0 597 0 3771 419 600 0 1 0 600 0 1 0 600 0 1 0 600 0 1 0 600 0 1 0 600 0 1 0 600 0 1 0 600 0 1 0 600 0 1 0 600 0 1 0 600 0 1 0 600 0 1 0 600 0 1 0 600 0 1 0 600 0 1 0 600 0 1 0 600 0 1 0 600 0 1 0 600 0 1 0 600 0 1 0 600 0 1 0 600 0 1 0 600 0 1 0 600 0 1 0 600 0 1 0 600 0 1 0 600 0 1 0 600 0 1 0 600 0 1 0 600 0 1 0 600 0 1 0 600 0 1 0 600 0 1 0 600 0 1 0 600 0 1 0 600 0 1 0 600 0 1 0 600 0 1 0 600 0 1 0 600 0 1 0 600 0 1 0 600 0 1 0 600 0 1 0 600 0 1 0 600 0 1 0 600 0 1 0 600 0 1 0 600 0 1 0 600 0 1 0 600 0 1 0 600 0 3798 422 600 0 1 0 600 0 1 0 600 0 1 0 600 0 1 0 600 0 1 0 600 0 1 0 600 0 1 0 600 0 1 0 600 0 1 0 600 0 1 0 600 0 1 0 600 0 1 0 600 0 1 0 600 0 1 0
0 7801 862 47 686 0 927 103 714 0 1 0 714 0 2691 299 687 0 1179 131 631 0 1 0 631 0 1 0 631 0 1 0 631 0 1 0 631 0 1 0 631 0 1 0 631 0 1 0 631 0 1 0 631 0 1 0 631 0 1 0 631 0 1 0 631 0 1 0 631 0 1 0 631 0 1 0 631 0 1 0 631 0 2961 329 631 0 1 0 631 0 1 0 631 0 1 0 631 0 1 0 631 0 1 0 631 0 1 0 631 0 1 0 631 0 1 0 631 0 1 0 631 0 1 0 631 0 1 0 631 0 1 0 631 0 1 0 631 0 1 0 631 0 1 0 631 0 1 0 631 0 1 0 631 0 1 0 631 0 1 0 631 0 1 0 631 0 1 0 631 0 1 0 631 0 1 0 631 0 1 0 631 0 1 0 631 0 1 0 631 0 1 0
-1
10 5
0 15020 1663 60 760 0 2007 223 789 0 1845 205 763 0 1 0 763 0 1 0 763 0 1 0 763 0 639 71 763 0 1 0 763 0 1 0 763 0 1 0 763 0 1 0 763 0 1 0 763 0 1 0 763 0 1 0 734 0 1 0 734 0 1 0 734 0 1773 197 647 0 4572 508 647 0 1 0 732 0 2916 324 762 0 1 0 762 0 1 0 762 0 1 0 762 0 1 0 762 0 1 0 762 0 1 0 762 0 1 0 762 0 1 0 762 0 1 0 762 0 1 0 762 0 1 0 762 0 1 0 762 0 1 0 762 0 1 0 762 0 1 0 762 0 1 0 762 0 1 0 762 0 1 0 762 0 1215 135 762 0 1 0 762 0 1 0 762 0 1 0 762 0 1 0 762 0 1 0 762 0 1 0 762 0 1 0 762 0 1 0 762 0 1 0 762 0 1 0 762 0 1 0 762 0 1 0 762 0 1 0 762 0 1 0 762 0 1 0 762 0 1 0 762 0 1 0 762 0 1 0 762 0 1 0 762 0 1 0 762 0 1 0 762 0 1 0
0 13414 1486 47 764 0 2520 280 737 0 2682 298 707 0 1890 210 706 0 1899 211 733 0 1665 185 703 0 1575 175 731 0 1 0 731 0 1 0 731 0 1 0 731 0 1 0 731 0 1 0 731 0 1 0 731 0 1 0 731 0 1 0 731 0 1 0 731 0 1 0 731 0 1 0 731 0 1 0 731 0 1 0 731 0 1 0 731 0 1 0 731 0 1 0 731 0 1 0 731 0 1 0 731 0 1 0 731 0 1 0 731 0 1 0 731 0 1 0 731 0 1143 127 731 0 1 0 731 0 1 0 731 0 1 0 731 0 1 0 731 0 1 0 731 0 1 0 731 0 1 0 731 0 1 0 731 0 1 0 731 0 1 0 731 0 1 0 731 0 1 0 731 0 1 0 731 0 1 0 731 0 1 0 731 0 1 0 731 0 1 0 731 0 1 0
0 13448 1490 47 735 0 1323 147 677 0 1161 129 648 0 2736 304 676 0 1296 144 705 0 1512 168 674 0 1206 134 673 0 1503 167 702 0 1224 136 790 0 1 0 790 0 1 0 790 0 1 0 790 0 1 0 790 0 1 0 790 0 1 0 790 0 1 0 790 0 1 0 790 0 1 0 790 0 1 0 790 0 1 0 790 0 1 0 790 0 1 0 790 0 1 0 790 0 1 0 790 0 1 0 790 0 1 0 790 0 1 0 790 0 1 0 790 0 1 0 790 0 1 0 790 0 1 0 790 0 1 0 790 0 1 0 790 0 1 0 790 0 1449 161 790 0 1 0 790 0 1 0 790 0 1 0 790 0 1 0 790 0 1 0 790 0 1 0 790 0 1 0 790 0 1 0 790 0 1 0 790 0 1 0 790 0 1 0 790 0 1 0 790 0 1 0
2 10570 1170 51 785 0 2070 230 784 0 1188 132 755 0 2340 260 757 0 972 108 701 0 1143 127 730 0 666 74 730 0 1 0 759 0 279 50 759 0 1 0 759 2 169 0 759 0 1 0 761 0 1 0 761 0 1 0 761 0 1 0 761 0 1 0 761 0 1 0 761 0 1 0 761 0 1 0 761 0 1 0 761 0 1 0 761 0 1 0 761 0 1 0 761 0 1701 189 761 0 1 0 761 0 1 0 761 0 1 0 761 0 1 0 761 0 1 0 761 0 1 0 761 0 1 0 761 0 1 0 761 0 1 0 761 0 1 0 761 0 1 0 761 0 1 0 761 0 1 0 761 0 1 0 761 0 1 0 761 0 1 0 761 0 1 0 761 0 1 0 761 0 1 0 761 0 1 0 761 0 1 0 761 0 1 0 761 0 1 0 761 0 1 0 761 0 1 0 761 0 1 0 761 0 1 0 761 0 1 0
8 12721 1409 58 765 0 1269 141 795 0 1377 153 708 0 1485 165 680 0 2043 227 766 0 1206 134 767 0 1098 122 793 0 8 113 793 0 1 0 793 0 1 0 793 8 1001 0 793 0 1 0 792 0 1 0 792 0 1773 197 792 0 1 0 792 0 1 0 792 0 1 0 792 0 1 0 791 0 1413 157 791 0 1 0 791 0 1 0 791 0 1 0 791 0 1 0 791 0 1 0 791 0 1 0 791 0 1 0 791 0 1 0 791 0 1 0 791 0 1 0 791 0 1 0 791 0 1 0 791 0 1 0 791 0 1 0 791 0 1 0 791 0 1 0 791 0 1 0 791 0 1 0 791 0 1 0 791 0 1 0 791 0 1 0 791 0 1 0 791 0 1 0 791 0 1 0 791 0 1 0 791 0 1 0 791 0 1 0 791 0 1 0 791 0 1 0 791 0 1 0 791 0 1 0 791 0 1 0 791 0 1 0 791 0 1 0 791 0 1 0 791 0 1 0 791 0 1 0 791 0 1 0 791 0 1 0 791 0 1 0
-1
11 5
0 6179 682 46 255 0 963 107 254 0 1035 115 310 0 1260 140 282 0 873 97 225 0 1 0 225 0 1 0 225 0 1 0 225 0 1 0 225 0 1 0 225 0 1 0 225 0 1 0 225 0 1 0 225 0 1 0 225 0 1 0 225 0 1 0 225 0 1 0 225 0 1 0 225 0 1 0 225 0 1 0 225 0 1 0 225 0 1 0 225 0 1 0 225 0 2007 223 225 0 1 0 225 0 1 0 225 0 1 0 225 0 1 0 225 0 1 0 225 0 1 0 225 0 1 0 225 0 1 0 225 0 1 0 225 0 1 0 225 0 1 0 225 0 1 0 225 0 1 0 225 0 1 0 225 0 1 0 225 0 1 0 225 0 1 0 225 0 1 0 225 0 1 0 225 0 1 0 225 0 1 0 225 0 1 0 225 0 1 0
0 5353 589 56 163 0 2133 237 250 0 1251 139 281 0 1 0 281 0 864 96 281 0 1 0 283 0 1 0 283 0 1 0 283 0 1 0 283 0 1 0 283 0 1 0 283 0 1 0 283 0 1 0 283 0 1 0 283 0 1 0 283 0 1 0 283 0 1 0 283 0 1 0 283 0 1 0 283 0 1 0 283 0 1 0 283 0 1 0 283 0 1 0 283 0 1 0 283 0 1 0 283 0 1 0 283 0 1 0 283 0 1 0 283 0 1 0 283 0 1 0 283 0 1 0 283 0 1 0 283 0 1 0 283 0 1 0 283 0 1 0 283 0 1 0 283 0 1 0 283 0 1 0 283 0 1 0 283 0 1 0 283 0 1 0 283 0 1 0 283 0 1 0 283 0 1 0 283 0 1 0 283 0 1 0 283 0 1 0 283 0 1 0 283 0 1 0 283 0 1 0 283 0 1 0 283 0 1 0 283 0 1053 117 283 0 1 0 283 0 1 0 283 0 1 0 283 0 1 0
0 9718 1073 68 317 0 1494 166 319 0 1944 216 290 0 1341 149 261 0 1143 127 232 0 1440 160 231 0 837 93 256 0 1 0 256 0 1 0 256 0 1 0 256 0 1 0 256 0 1 0 256 0 1 0 256 0 1 0 256 0 1 0 256 0 1 0 256 0 1 0 256 0 1 0 256 0 1 0 256 0 1 0 256 0 1 0 256 0 1 0 256 0 1 0 256 0 1 0 256 0 1 0 256 0 1 0 256 0 1 0 256 0 1 0 256 0 1 0 256 0 1 0 256 0 1 0 256 0 1 0 256 0 1 0 256 0 1 0 256 0 1 0 256 0 1 0 256 0 1 0 256 0 1 0 256 0 1 0 256 0 1 0 256 0 1 0 256 0 1 0 256 0 1 0 256 0 1 0 256 0 1 0 256 0 1 0 256 0 1 0 256 0 1 0 256 0 1 0 256 0 1 0 256 0 1 0 256 0 1 0 256 0 1 0 256 0 1 0 256 0 1 0 256 0 1 0 256 0 1 0 256 0 1 0 256 0 1 0 256 0 1 0 256 0 1 0 256 0 1 0 256 0 1 0 256 0 1458 162 256 0 1 0 256 0 1 0 256 0 1 0 256 0 1 0 256 0 1 0
0 6592 834 49 316 0 783 87 375 0 816 197 405 0 1926 214 318 0 1062 118 258 0 720 80 257 0 1 0 257 0 1 0 257 0 1 0 257 0 1 0 257 0 1 0 257 0 1 0 257 0 1242 138 257 0 1 0 257 0 1 0 257 0 1 0 257 0 1 0 257 0 1 0 257 0 1 0 257 0 1 0 257 0 1 0 257 0 1 0 257 0 1 0 257 0 1 0 257 0 1 0 257 0 1 0 257 0 1 0 257 0 1 0 257 0 1 0 257 0 1 0 257 0 1 0 257 0 1 0 257 0 1 0 257 0 1 0 257 0 1 0 257 0 1 0 257 0 1 0 257 0 1 0 257 0 1 0 257 0 1 0 257 0 1 0 257 0 1 0 257 0 1 0 257 0 1 0 257 0 1 0 257 0 1 0 257 0 1 0 257 0 1 0 257 0 1 0 257 0 1 0
0 3701 406 50 401 0 0 100 401 0 1647 83 285 0 1 0 285 0 1 0 285 0 1 0 285 0 1 0 285 0 1 0 285 0 1 0 285 0 1 0 285 0 1 0 285 0 1 0 285 0 1 0 285 0 1 0 285 0 1 0 285 0 1 0 285 0 1 0 285 0 1 0 285 0 1 0 285 0 1 0 285 0 1 0 285 0 1 0 285 0 1 0 285 0 1 0 285 0 1 0 285 0 1 0 285 0 1 0 285 0 1 0 285 0 1 0 285 0 1 0 285 0 1 0 285 0 1 0 285 0 1 0 285 0 1 0 285 0 1 0 285 0 1 0 285 0 2007 223 285 0 1 0 285 0 1 0 285 0 1 0 285 0 1 0 285 0 1 0 285 0 1 0 285 0 1 0 285 0 1 0 285 0 1 0 285 0 1 0 285 0 1 0 285 0 1 0 285 0 1 0 285 0 1 0
-1
12 3
0 3019 325 98 688 0 729 81 716 0 504 56 746 0 1017 113 776 0 1 0 776 0 1 0 776 0 1 0 776 0 1 0 776 0 1 0 776 0 1 0 776 0 1 0 776 0 1 0 776 0 1 0 776 0 1 0 776 0 1 0 776 0 1 0 776 0 1 0 776 0 1 0 776 0 1 0 776 0 1 0 776 0 1 0 776 0 1 0 776 0 1 0 776 0 1 0 776 0 1 0 776 0 1 0 776 0 1 0 776 0 1 0 776 0 1 0 776 0 1 0 776 0 1 0 776 0 1 0 776 0 1 0 776 0 1 0 776 0 1 0 776 0 1 0 776 0 1 0 776 0 1 0 776 0 1 0 776 0 1 0 776 0 1 0 776 0 1 0 776 0 1 0 776 0 1 0 776 0 1 0 776 0 1 0 776 0 1 0 776 0 1 0 776 0 1 0 776 0 1 0 776 0 1 0 776 0 1 0 776 0 1 0 776 0 1 0 776 0 1 0 776 0 675 75 776 0 1 0 776 0 1 0 776 0 1 0 776 0 1 0 776 0 1 0 776 0 1 0 776 0 1 0 776 0 1 0 776 0 1 0 776 0 1 0 776 0 1 0 776 0 1 0 776 0 1 0 776 0 1 0 776 0 1 0 776 0 1 0 776 0 1 0 776 0 1 0 776 0 1 0 776 0 1 0 776 0 1 0 776 0 1 0 776 0 1 0 776 0 1 0 776 0 1 0 776 0 1 0 776 0 1 0 776 0 1 0 776 0 1 0 776 0 1 0 776 0 1 0 776 0 1 0 776 0 1 0 776 0 1 0 776 0 1 0 776 0 1 0 776 0 1 0 776 0 1 0 776 0 1 0 776 0 1 0 776 0 1 0 776 0 1 0 776 0 1 0
0 6151 677 63 774 0 639 71 745 0 675 75 717 0 1197 133 777 0 2331 259 778 0 1 0 778 0 1 0 778 0 1251 139 778 0 1 0 778 0 1 0 778 0 1 0 778 0 1 0 778 0 1 0 778 0 1 0 778 0 1 0 778 0 1 0 778 0 1 0 778 0 1 0 778 0 1 0 778 0 1 0 778 0 1 0 778 0 1 0 778 0 1 0 778 0 1 0 778 0 1 0 778 0 1 0 778 0 1 0 778 0 1 0 778 0 1 0 778 0 1 0 778 0 1 0 778 0 1 0 778 0 1 0 778 0 1 0 778 0 1 0 778 0 1 0 778 0 1 0 778 0 1 0 778 0 1 0 778 0 1 0 778 0 1 0 778 0 1 0 778 0 1 0 778 0 1 0 778 0 1 0 778 0 1 0 778 0 1 0 778 0 1 0 778 0 1 0 778 0 1 0 778 0 1 0 778 0 1 0 778 0 1 0 778 0 1 0 778 0 1 0 778 0 1 0 778 0 1 0 778 0 1 0 778 0 1 0 778 0 1 0 778 0 1 0 778 0 1 0 778 0 1 0 778 0 1 0
0 1480 155 86 779 0 1 0 779 0 1 0 779 0 1 0 779 0 1 0 779 0 1 0 779 0 1 0 779 0 1 0 779 0 1 0 779 0 1 0 779 0 1 0 779 0 1 0 779 0 1 0 779 0 1 0 779 0 1 0 779 0 1 0 779 0 1 0 779 0 1 0 779 0 1 0 779 0 1 0 779 0 1 0 779 0 1 0 779 0 1 0 779 0 1 0 779 0 1 0 779 0 1 0 779 0 1 0 779 0 1 0 779 0 1 0 779 0 1 0 779 0 1 0 779 0 1 0 779 0 1 0 779 0 1 0 779 0 1 0 779 0 1 0 779 0 1 0 779 0 1 0 779 0 1 0 779 0 1 0 779 0 1 0 779 0 1 0 779 0 1 0 779 0 1 0 779 0 1 0 779 0 1 0 779 0 1 0 779 0 1 0 779 0 1 0 779 0 1 0 779 0 1 0 779 0 1 0 779 0 1 0 779 0 1 0 779 0 1 0 779 0 1395 155 779 0 1 0 779 0 1 0 779 0 1 0 779 0 1 0 779 0 1 0 779 0 1 0 779 0 1 0 779 0 1 0 779 0 1 0 779 0 1 0 779 0 1 0 779 0 1 0 779 0 1 0 779 0 1 0 779 0 1 0 779 0 1 0 779 0 1 0 779 0 1 0 779 0 1 0 779 0 1 0 779 0 1 0 779 0 1 0 779 0 1 0 779 0 1 0 779 0 1 0 779 0 1 0 779 0 1 0 779 0 1 0 779 0 1 0 779 0 1 0 779 0 1 0
-1
13 4
0 10038 1108 70 422 0 5895 655 336 0 1890 210 339 0 774 86 341 0 1 0 341 0 1 0 341 0 1 0 341 0 1 0 341 0 1 0 341 0 1 0 341 0 1 0 341 0 1 0 341 0 1 0 341 0 1 0 341 0 1 0 341 0 1 0 341 0 1 0 341 0 1 0 341 0 1 0 341 0 1 0 341 0 1 0 341 0 1 0 341 0 1 0 341 0 1 0 341 0 1 0 341 0 1 0 341 0 1 0 341 0 1 0 341 0 1 0 341 0 1413 157 341 0 1 0 341 0 1 0 341 0 1 0 341 0 1 0 341 0 1 0 341 0 1 0 341 0 1 0 341 0 1 0 341 0 1 0 341 0 1 0 341 0 1 0 341 0 1 0 341 0 1 0 341 0 1 0 341 0 1 0 341 0 1 0 341 0 1 0 341 0 1 0 341 0 1 0 341 0 1 0 341 0 1 0 341 0 1 0 341 0 1 0 341 0 1 0 341 0 1 0 341 0 1 0 341 0 1 0 341 0 1 0 341 0 1 0 341 0 1 0 341 0 1 0 341 0 1 0 341 0 1 0 341 0 1 0 341 0 1 0 341 0 1 0 341 0 1 0 341 0 1 0 341 0 1 0 341 0 1 0 341 0 1 0
0 10121 1119 55 308 0 1521 169 248 0 3501 389 309 0 954 106 338 0 1782 198 369 0 1 0 369 0 1 0 369 0 1 0 369 0 1 0 369 0 1 0 369 0 1 0 369 0 1 0 369 0 1 0 369 0 1 0 369 0 1 0 369 0 1 0 369 0 1 0 369 0 1 0 369 0 1 0 369 0 1 0 369 0 1 0 369 0 1 0 369 0 1 0 369 0 1 0 369 0 1 0 369 0 1 0 369 0 1 0 369 0 1 0 369 0 1 0 369 0 2313 257 369 0 1 0 369 0 1 0 369 0 1 0 369 0 1 0 369 0 1 0 369 0 1 0 369 0 1 0 369 0 1 0 369 0 1 0 369 0 1 0 369 0 1 0 369 0 1 0 369 0 1 0 369 0 1 0 369 0 1 0 369 0 1 0 369 0 1 0 369 0 1 0 369 0 1 0 369 0 1 0 369 0 1 0 369 0 1 0 369 0 1 0 369 0 1 0 369 0 1 0 369 0 1 0
0 11724 1295 78 519 0 2376 264 491 0 1980 220 463 0 1602 178 404 0 747 83 433 0 792 88 434 0 1548 172 435 0 981 109 345 0 594 66 344 0 1 0 344 0 1 0 344 0 1 0 344 0 1 0 344 0 1 0 344 0 1 0 344 0 1 0 344 0 1 0 344 0 1 0 344 0 1 0 344 0 1 0 344 0 1 0 344 0 1 0 344 0 1 0 344 0 1 0 344 0 1 0 344 0 1 0 344 0 1 0 344 0 1 0 344 0 1 0 344 0 1 0 344 0 1 0 344 0 1 0 344 0 1 0 344 0 1 0 344 0 1 0 344 0 1 0 344 0 1 0 344 0 1 0 344 0 1 0 344 0 1 0 344 0 1 0 344 0 1 0 344 0 1 0 344 0 1 0 344 0 1 0 344 0 1 0 344 0 1 0 344 0 1 0 344 0 1 0 344 0 1 0 344 0 1 0 344 0 1 0 344 0 1 0 344 0 1 0 344 0 1 0 344 0 1 0 344 0 1 0 344 0 1 0 344 0 1 0 344 0 1 0 344 0 1 0 344 0 1 0 344 0 1 0 344 0 1 0 344 0 1 0 344 0 1 0 344 0 1 0 344 0 1 0 344 0 1 0 344 0 1035 115 344 0 1 0 344 0 1 0 344 0 1 0 344 0 1 0 344 0 1 0 344 0 1 0 344 0 1 0 344 0 1 0 344 0 1 0
0 10851 1200 57 162 0 1512 168 132 0 3267 363 192 0 1152 128 221 0 774 86 313 0 1458 162 343 0 1 0 343 0 1 0 343 0 1 0 343 0 1 0 343 0 1 0 343 0 1 0 343 0 1 0 343 0 1 0 343 0 1 0 343 0 1 0 343 0 1 0 343 0 1 0 343 0 1 0 343 0 1 0 343 0 1 0 343 0 1 0 343 0 1 0 343 0 1 0 343 0 1 0 343 0 1 0 343 0 1 0 343 0 1 0 343 0 1 0 343 0 1 0 343 0 2637 293 343 0 1 0 343 0 1 0 343 0 1 0 343 0 1 0 343 0 1 0 343 0 1 0 343 0 1 0 343 0 1 0 343 0 1 0 343 0 1 0 343 0 1 0 343 0 1 0 343 0 1 0 343 0 1 0 343 0 1 0 343 0 1 0 343 0 1 0 343 0 1 0 343 0 1 0 343 0 1 0 343 0 1 0 343 0 1 0 343 0 1 0 343 0 1 0 343 0 1 0 343 0 1 0 343 0 1 0
-1
14 2
0 5489 598 112 289 0 819 91 347 0 747 83 288 0 1008 112 287 0 1818 202 287 0 1 0 286 0 1 0 286 0 1 0 286 0 1 0 286 0 1 0 286 0 1 0 286 0 1 0 286 0 1 0 286 0 1 0 286 0 1 0 286 0 1 0 286 0 1 0 286 0 1 0 286 0 1 0 286 0 1 0 286 0 1 0 286 0 1 0 286 0 1 0 286 0 1 0 286 0 1 0 286 0 1 0 286 0 1 0 286 0 1 0 286 0 1 0 286 0 1 0 286 0 1 0 286 0 1 0 286 0 1 0 286 0 1 0 286 0 1 0 286 0 1 0 286 0 1 0 286 0 1 0 286 0 1 0 286 0 1 0 286 0 1 0 286 0 1 0 286 0 1 0 286 0 1 0 286 0 1 0 286 0 1 0 286 0 1 0 286 0 1 0 286 0 1 0 286 0 1 0 286 0 1 0 286 0 1 0 286 0 1 0 286 0 1 0 286 0 1 0 286 0 1 0 286 0 1 0 286 0 1 0 286 0 1 0 286 0 1 0 286 0 1 0 286 0 1 0 286 0 1 0 286 0 1 0 286 0 1 0 286 0 1 0 286 0 1 0 286 0 1 0 286 0 1 0 286 0 1 0 286 0 1 0 286 0 1 0 286 0 1 0 286 0 1 0 286 0 1 0 286 0 1 0 286 0 1 0 286 0 1 0 286 0 1 0 286 0 1 0 286 0 1 0 286 0 1 0 286 0 1 0 286 0 1 0 286 0 1 0 286 0 1 0 286 0 1 0 286 0 1 0 286 0 1 0 286 0 1 0 286 0 1 0 286 0 1 0 286 0 1 0 286 0 990 110 286 0 1 0 286 0 1 0 286 0 1 0 286 0 1 0 286 0 1 0 286 0 1 0 286 0 1 0 286 0 1 0 286 0 1 0 286 0 1 0 286 0 1 0 286 0 1 0 286 0 1 0 286 0 1 0 286 0 1 0 286 0 1 0 286 0 1 0 286 0 1 0 286 0 1 0
0 4977 540 121 229 0 1980 220 202 0 639 71 198 0 801 89 198 0 1 0 227 0 1 0 227 0 1 0 227 0 1440 160 227 0 1 0 227 0 1 0 227 0 1 0 227 0 1 0 227 0 1 0 227 0 1 0 227 0 1 0 227 0 1 0 227 0 1 0 227 0 1 0 227 0 1 0 227 0 1 0 227 0 1 0 227 0 1 0 227 0 1 0 227 0 1 0 227 0 1 0 227 0 1 0 227 0 1 0 227 0 1 0 227 0 1 0 227 0 1 0 227 0 1 0 227 0 1 0 227 0 1 0 227 0 1 0 227 0 1 0 227 0 1 0 227 0 1 0 227 0 1 0 227 0 1 0 227 0 1 0 227 0 1 0 227 0 1 0 227 0 1 0 227 0 1 0 227 0 1 0 227 0 1 0 227 0 1 0 227 0 1 0 227 0 1 0 227 0 1 0 227 0 1 0 227 0 1 0 227 0 1 0 227 0 1 0 227 0 1 0 227 0 1 0 227 0 1 0 227 0 1 0 227 0 1 0 227 0 1 0 227 0 1 0 227 0 1 0 227 0 1 0 227 0 1 0 227 0 1 0 227 0 1 0 227 0 1 0 227 0 1 0 227 0 1 0 227 0 1 0 227 0 1 0 227 0 1 0 227 0 1 0 227 0 1 0 227 0 1 0 227 0 1 0 227 0 1 0 227 0 1 0 227 0 1 0 227 0 1 0 227 0 1 0 227 0 1 0 227 0 1 0 227 0 1 0 227 0 1 0 227 0 1 0 227 0 1 0 227 0 1 0 227 0 1 0 227 0 1 0 227 0 1 0 227 0 1 0 227 0 1 0 227 0 1 0 227 0 1 0 227 0 1 0 227 0 1 0 227 0 1 0 227 0 1 0 227 0 1 0 227 0 1 0 227 0 1 0 227 0 1 0 227 0 1 0 227 0 1 0 227 0 1 0 227 0 1 0 227 0 1 0 227 0 1 0 227 0 1 0 227 0 1 0 227 0 1 0 227 0 1 0 227 0 1 0 227 0 1 0 227 0 1 0 227 0 1 0 227 0 1 0 227 0 1 0 227 0 1 0 227 0 1 0 227 0 1 0
-1
15 6
0 12788 1417 41 8 0 1080 120 9 0 1701 189 10 0 2565 285 39 0 2790 310 68 0 2682 298 38 0 1 0 38 0 1 0 38 0 1 0 38 0 1 0 38 0 1 0 38 0 1 0 38 0 1 0 38 0 1 0 38 0 1 0 38 0 1 0 38 0 1 0 38 0 1 0 38 0 1 0 38 0 1 0 38 0 1 0 38 0 1 0 38 0 1 0 38 0 1 0 38 0 1 0 38 0 1 0 38 0 1 0 38 0 1 0 38 0 1 0 38 0 1 0 38 0 1 0 38 0 1 0 38 0 1 0 38 0 1 0 38 0 1 0 38 0 1 0 38 0 1 0 38 0 1 0 38 0 1935 215 38 0 1 0 38 0 1 0 38 0 1 0
8 13209 1195 5 36 0 2385 265 94 0 2736 304 124 8 2454 0 125 0 3456 384 37 0 2178 242
2 13199 1407 5 35 0 2259 251 6 0 1629 181 60 0 4896 544 120 0 3879 431 64 2 536 0
0 13203 1331 4 72 0 6039 671 99 0 2520 280 98 0 3411 379 69 0 1233 1
5 13196 1461 7 97 0 1881 209 127 0 2628 292 126 0 2025 225 128 0 2106 234 129 0 2592 288 70 0 1908 212 40 5 56 1
5 11810 1310 32 93 0 2538 282 150 0 3132 348 151 0 2016 224 209 0 2115 235 96 0 1539 171 67 0 1 0 67 0 1 0 67 0 1 0 67 0 1 0 67 0 1 0 67 0 0 46 67 0 1 0 67 0 1 0 67 0 1 0 67 0 1 0 67 0 1 0 67 0 1 0 67 0 1 0 67 0 1 0 67 0 1 0 67 0 1 0 67 0 1 0 67 0 1 0 67 0 1 0 67 0 1 0 67 0 1 0 67 0 1 0 67 0 1 0 67 5 445 4 67 0 1 0 67 0 1 0 67 0 1 0
-1
16 6
0 11252 1247 34 603 0 2970 330 518 0 1521 169 548 0 1944 216 605 0 1233 137 604 0 1 0 604 0 1 0 604 0 1 0 604 0 1 0 604 0 1 0 604 0 1 0 604 0 1 0 604 0 1 0 604 0 1 0 604 0 1 0 604 0 1 0 604 0 1 0 604 0 1 0 604 0 3555 395 604 0 1 0 604 0 1 0 604 0 1 0 604 0 1 0 604 0 1 0 604 0 1 0 604 0 1 0 604 0 1 0 604 0 1 0 604 0 1 0 604 0 1 0 604 0 1 0 604 0 1 0 604 0 1 0 604 0 1 0 604 0 1 0
0 4667 514 44 456 0 1782 198 485 0 1872 208 544 0 1 0 544 0 972 108 544 0 1 0 544 0 1 0 544 0 1 0 544 0 1 0 544 0 1 0 544 0 1 0 544 0 1 0 544 0 1 0 544 0 1 0 544 0 1 0 544 0 1 0 544 0 1 0 544 0 1 0 544 0 1 0 544 0 1 0 544 0 1 0 544 0 1 0 544 0 1 0 544 0 1 0 544 0 1 0 544 0 1 0 544 0 1 0 544 0 1 0 544 0 1 0 544 0 1 0 544 0 1 0 544 0 1 0 544 0 1 0 544 0 1 0 544 0 1 0 544 0 1 0 544 0 1 0 544 0 1 0 544 0 1 0 544 0 1 0 544 0 1 0 544 0 1 0 544 0 1 0 544 0 1 0 544 0 1 0
0 9403 1040 47 606 0 1116 124 549 0 1314 146 576 0 2808 312 634 0 1 0 634 0 1 0 634 0 1 0 634 0 1 0 634 0 1 0 634 0 1 0 634 0 1 0 634 0 1 0 634 0 1 0 634 0 1 0 634 0 1 0 634 0 1 0 634 0 1 0 634 0 1 0 634 0 1 0 634 0 1 0 634 0 1 0 634 0 1 0 634 0 1 0 634 0 1 0 634 0 1 0 634 0 1 0 634 0 4122 458 634 0 1 0 634 0 1 0 634 0 1 0 634 0 1 0 634 0 1 0 634 0 1 0 634 0 1 0 634 0 1 0 634 0 1 0 634 0 1 0 634 0 1 0 634 0 1 0 634 0 1 0 634 0 1 0 634 0 1 0 634 0 1 0 634 0 1 0 634 0 1 0 634 0 1 0 634 0 1 0 634 0 1 0
0 4245 467 44 630 0 1 0 630 0 1 0 630 0 2907 323 630 0 1 0 630 0 1 0 685 0 1 0 685 0 1 0 685 0 1 0 685 0 1 0 685 0 1 0 685 0 1 0 685 0 1 0 685 0 1 0 685 0 1 0 685 0 1 0 685 0 1 0 685 0 1 0 685 0 1 0 685 0 1 0 685 0 1 0 685 0 1 0 685 0 1 0 685 0 1 0 685 0 1 0 685 0 1 0 685 0 1 0 685 0 1 0 685 0 1 0 685 0 1 0 685 0 1 0 685 0 1 0 685 0 1296 144 685 0 1 0 685 0 1 0 685 0 1 0 685 0 1 0 685 0 1 0 685 0 1 0 685 0 1 0 685 0 1 0 685 0 1 0 685 0 1 0 685 0 1 0 685 0 1 0
0 9658 1069 43 543 0 711 79 542 0 963 107 512 0 1287 143 484 0 1296 144 513 0 3780 420 573 0 1 0 573 0 1 0 573 0 1584 176 573 0 1 0 573 0 1 0 573 0 1 0 573 0 1 0 573 0 1 0 573 0 1 0 573 0 1 0 573 0 1 0 573 0 1 0 573 0 1 0 573 0 1 0 573 0 1 0 573 0 1 0 573 0 1 0 573 0 1 0 573 0 1 0 573 0 1 0 573 0 1 0 573 0 1 0 573 0 1 0 573 0 1 0 573 0 1 0 573 0 1 0 573 0 1 0 573 0 1 0 573 0 1 0 573 0 1 0 573 0 1 0 573 0 1 0 573 0 1 0 573 0 1 0 573 0 1 0 573 0 1 0 573 0 1 0 573 0 1 0
0 3660 403 36 486 0 783 87 487 0 1215 135 516 0 1 0 516 0 1 0 516 0 1 0 516 0 1 0 516 0 1 0 516 0 1 0 516 0 1 0 516 0 1 0 516 0 1 0 516 0 1 0 516 0 1 0 516 0 1 0 516 0 1 0 516 0 1 0 516 0 1 0 516 0 1 0 516 0 1 0 516 0 1 0 516 0 1 0 516 0 1 0 516 0 1629 181 516 0 1 0 516 0 1 0 516 0 1 0 516 0 1 0 516 0 1 0 516 0 1 0 516 0 1 0 516 0 1 0 516 0 1 0 516 0 1 0 516 0 1 0 516 0 1 0 516 0 1 0
-1
17 1
0 7481 808 213 773 0 1719 191 772 0 1 0 772 0 1233 137 744 0 2745 305 775 0 1 0 775 0 1 0 775 0 1 0 775 0 1 0 775 0 1 0 775 0 1 0 775 0 1 0 775 0 1 0 775 0 1 0 775 0 1 0 775 0 1 0 775 0 1 0 775 0 1 0 775 0 1 0 775 0 1 0 775 0 1 0 775 0 1 0 775 0 1 0 775 0 1575 175 775 0 1 0 775 0 1 0 775 0 1 0 775 0 1 0 775 0 1 0 775 0 1 0 775 0 1 0 775 0 1 0 775 0 1 0 775 0 1 0 775 0 1 0 775 0 1 0 775 0 1 0 775 0 1 0 775 0 1 0 775 0 1 0 775 0 1 0 775 0 1 0 775 0 1 0 775 0 1 0 775 0 1 0 775 0 1 0 775 0 1 0 775 0 1 0 775 0 1 0 775 0 1 0 775 0 1 0 775 0 1 0 775 0 1 0 775 0 1 0 775 0 1 0 775 0 1 0 775 0 1 0 775 0 1 0 775 0 1 0 775 0 1 0 775 0 1 0 775 0 1 0 775 0 1 0 775 0 1 0 775 0 1 0 775 0 1 0 775 0 1 0 775 0 1 0 775 0 1 0 775 0 1 0 775 0 1 0 775 0 1 0 775 0 1 0 775 0 1 0 775 0 1 0 775 0 1 0 775 0 1 0 775 0 1 0 775 0 1 0 775 0 1 0 775 0 1 0 775 0 1 0 775 0 1 0 775 0 1 0 775 0 1 0 775 0 1 0 775 0 1 0 775 0 1 0 775 0 1 0 775 0 1 0 775 0 1 0 775 0 1 0 775 0 1 0 775 0 1 0 775 0 1 0 775 0 1 0 775 0 1 0 775 0 1 0 775 0 1 0 775 0 1 0 775 0 1 0 775 0 1 0 775 0 1 0 775 0 1 0 775 0 1 0 775 0 1 0 775 0 1 0 775 0 1 0 775 0 1 0 775 0 1 0 775 0 1 0 775 0 1 0 775 0 1 0 775 0 1 0 775 0 1 0 775 0 1 0 775 0 1 0 775 0 1 0 775 0 1 0 775 0 1 0 775 0 1 0 775 0 1 0 775 0 1 0 775 0 1 0 775 0 1 0 775 0 1 0 775 0 1 0 775 0 1 0 775 0 1 0 775 0 1 0 775 0 1 0 775 0 1 0 775 0 1 0 775 0 1 0 775 0 1 0 775 0 1 0 775 0 1 0 775 0 1 0 775 0 1 0 775 0 1 0 775 0 1 0 775 0 1 0 775 0 1 0 775 0 1 0 775 0 1 0 775 0 1 0 775 0 1 0 775 0 1 0 775 0 1 0 775 0 1 0 775 0 1 0 775 0 1 0 775 0 1 0 775 0 1 0 775 0 1 0 775 0 1 0 775 0 1 0 775 0 1 0 775 0 1 0 775 0 1 0 775 0 1 0 775 0 1 0 775 0 1 0 775 0 1 0 775 0 1 0 775 0 1 0 775 0 1 0 775 0 1 0 775 0 1 0 775 0 1 0 775 0 1 0 775 0 1 0 775 0 1 0 775 0 1 0 775 0 1 0 775 0 1 0 775 0 1 0 775 0 1 0 775 0 1 0 775 0 1 0 775 0 1 0 775 0 1 0 775 0 1 0 775 0 1 0 775 0 1 0 775 0 1 0 775 0 1 0 775 0 1 0 775 0 1 0 775 0 1 0 775 0 1 0 775 0 1 0 775 0 1 0 775 0 1 0 775 0 1 0 775 0 1 0 775 0 1 0 775 0 1 0 775 0 1 0 775 0 1 0 775 0 1 0 775 0 1 0 775 0 1 0 775 0 1 0 775 0 1 0 775 0 1 0 775 0 1 0 775 0 1 0 775 0 1 0 775 0 1 0 775 0 1 0 775 0 1 0 775 0 1 0 775 0 1 0
-1
18 3
0 10125 1116 85 219 0 2448 272 220 0 1764 196 251 0 3366 374 253 0 1 0 253 0 1 0 253 0 1 0 253 0 1 0 253 0 1 0 253 0 1 0 253 0 1 0 253 0 1 0 253 0 1 0 253 0 1 0 253 0 1 0 253 0 1 0 253 0 1 0 253 0 1 0 253 0 1 0 253 0 1 0 253 0 1 0 253 0 1 0 253 0 1 0 253 0 1 0 253 0 1 0 253 0 1 0 253 0 1 0 253 0 1 0 253 0 1 0 253 0 1 0 253 0 1 0 253 0 1 0 253 0 1 0 253 0 1 0 253 0 1 0 253 0 1 0 253 0 1 0 253 0 1 0 253 0 1 0 253 0 1 0 253 0 1 0 253 0 1 0 253 0 1 0 253 0 1 0 253 0 1 0 253 0 1 0 253 0 1 0 253 0 1 0 253 0 1 0 253 0 1 0 253 0 1 0 253 0 1 0 253 0 1 0 253 0 1 0 253 0 1 0 253 0 1 0 253 0 1 0 253 0 1 0 253 0 1 0 253 0 1 0 253 0 1 0 253 0 1 0 253 0 1 0 253 0 1 0 253 0 1 0 253 0 1 0 253 0 1 0 253 0 1 0 253 0 2466 274 253 0 1 0 253 0 1 0 253 0 1 0 253 0 1 0 253 0 1 0 253 0 1 0 253 0 1 0 253 0 1 0 253 0 1 0 253 0 1 0 253 0 1 0 253 0 1 0 253 0 1 0 253 0 1 0 253 0 1 0 253 0 1 0 253 0 1 0
0 5330 584 77 284 0 747 83 371 0 1 0 371 0 3456 384 314 0 1 0 314 0 1 0 314 0 1 0 314 0 1 0 314 0 1 0 314 0 1053 117 314 0 1 0 314 0 1 0 314 0 1 0 314 0 1 0 314 0 1 0 314 0 1 0 314 0 1 0 314 0 1 0 314 0 1 0 314 0 1 0 314 0 1 0 314 0 1 0 314 0 1 0 314 0 1 0 314 0 1 0 314 0 1 0 314 0 1 0 314 0 1 0 314 0 1 0 314 0 1 0 314 0 1 0 314 0 1 0 314 0 1 0 314 0 1 0 314 0 1 0 314 0 1 0 314 0 1 0 314 0 1 0 314 0 1 0 314 0 1 0 314 0 1 0 314 0 1 0 314 0 1 0 314 0 1 0 314 0 1 0 314 0 1 0 314 0 1 0 314 0 1 0 314 0 1 0 314 0 1 0 314 0 1 0 314 0 1 0 314 0 1 0 314 0 1 0 314 0 1 0 314 0 1 0 314 0 1 0 314 0 1 0 314 0 1 0 314 0 1 0 314 0 1 0 314 0 1 0 314 0 1 0 314 0 1 0 314 0 1 0 314 0 1 0 314 0 1 0 314 0 1 0 314 0 1 0 314 0 1 0 314 0 1 0 314 0 1 0 314 0 1 0 314 0 1 0 314 0 1 0 314 0 1 0 314 0 1 0 314 0 1 0
0 7371 809 95 164 0 513 57 133 0 1557 173 134 0 1629 181 197 0 729 81 226 0 1 0 226 0 1 0 226 0 1 0 226 0 1 0 226 0 1 0 226 0 1 0 226 0 1 0 226 0 1 0 226 0 1 0 226 0 1 0 226 0 1 0 226 0 1 0 226 0 1 0 226 0 1 0 226 0 1 0 226 0 1 0 226 0 1 0 226 0 1 0 226 0 1 0 226 0 1 0 226 0 1 0 226 0 1 0 226 0 1 0 226 0 1 0 226 0 1 0 226 0 1 0 226 0 1 0 226 0 1 0 226 0 1 0 226 0 1 0 226 0 1 0 226 0 2853 317 226 0 1 0 226 0 1 0 226 0 1 0 226 0 1 0 226 0 1 0 226 0 1 0 226 0 1 0 226 0 1 0 226 0 1 0 226 0 1 0 226 0 1 0 226 0 1 0 226 0 1 0 226 0 1 0 226 0 1 0 226 0 1 0 226 0 1 0 226 0 1 0 226 0 1 0 226 0 1 0 226 0 1 0 226 0 1 0 226 0 1 0 226 0 1 0 226 0 1 0 226 0 1 0 226 0 1 0 226 0 1 0 226 0 1 0 226 0 1 0 226 0 1 0 226 0 1 0 226 0 1 0 226 0 1 0 226 0 1 0 226 0 1 0 226 0 1 0 226 0 1 0 226 0 1 0 226 0 1 0 226 0 1 0 226 0 1 0 226 0 1 0 226 0 1 0 226 0 1 0 226 0 1 0 226 0 1 0 226 0 1 0 226 0 1 0 226 0 1 0 226 0 1 0 226 0 1 0 226 0 1 0 226 0 1 0 226 0 1 0 226 0 1 0 226 0 1 0 226 0 1 0 226 0 1 0
-1
19 2
0 9018 990 114 462 0 450 50 464 0 693 77 493 0 1503 167 579 0 2389 1 579 0 1 0 579 0 455 315 638 0 1 0 638 0 1 0 638 0 1 0 638 0 1 0 638 0 1 0 638 0 1 0 638 0 1 0 638 0 1 0 638 0 1 0 638 0 1 0 638 0 1 0 638 0 1 0 638 0 1 0 638 0 1 0 638 0 1 0 638 0 1 0 638 0 1 0 638 0 1 0 638 0 1 0 638 0 1 0 638 0 1 0 638 0 1 0 638 0 1 0 638 0 1 0 638 0 1 0 638 0 1 0 638 0 1 0 638 0 1 0 638 0 1 0 638 0 1 0 638 0 1 0 638 0 1 0 638 0 1 0 638 0 1 0 638 0 1 0 638 0 1 0 638 0 1 0 638 0 1 0 638 0 1 0 638 0 1 0 638 0 1 0 638 0 1 0 638 0 1 0 638 0 1 0 638 0 1 0 638 0 1 0 638 0 1 0 638 0 1 0 638 0 1 0 638 0 1 0 638 0 1 0 638 0 1 0 638 0 1 0 638 0 1 0 638 0 1 0 638 0 1 0 638 0 1 0 638 0 3420 380 638 0 1 0 638 0 1 0 638 0 1 0 638 0 1 0 638 0 1 0 638 0 1 0 638 0 1 0 638 0 1 0 638 0 1 0 638 0 1 0 638 0 1 0 638 0 1 0 638 0 1 0 638 0 1 0 638 0 1 0 638 0 1 0 638 0 1 0 638 0 1 0 638 0 1 0 638 0 1 0 638 0 1 0 638 0 1 0 638 0 1 0 638 0 1 0 638 0 1 0 638 0 1 0 638 0 1 0 638 0 1 0 638 0 1 0 638 0 1 0 638 0 1 0 638 0 1 0 638 0 1 0 638 0 1 0 638 0 1 0 638 0 1 0 638 0 1 0 638 0 1 0 638 0 1 0 638 0 1 0 638 0 1 0 638 0 1 0 638 0 1 0 638 0 1 0 638 0 1 0 638 0 1 0 638 0 1 0 638 0 1 0 638 0 1 0 638 0 1 0
2 6914 756 118 522 0 792 88 492 0 1278 142 520 0 1008 112 608 0 22 251 608 2 2235 0 637 0 1 0 637 0 1 0 637 0 1 0 637 0 1 0 637 0 1 0 637 0 1 0 637 0 1 0 637 0 1 0 637 0 1 0 637 0 1 0 637 0 1 0 637 0 1 0 637 0 1 0 637 0 1 0 637 0 1 0 637 0 1 0 637 0 1 0 637 0 1 0 637 0 1 0 637 0 1 0 637 0 1 0 637 0 1 0 637 0 1 0 637 0 1 0 637 0 1 0 637 0 1 0 637 0 1 0 637 0 1 0 637 0 1 0 637 0 1 0 637 0 1 0 637 0 1 0 637 0 1 0 637 0 1 0 637 0 1 0 637 0 1 0 637 0 1 0 637 0 1 0 637 0 1 0 637 0 1467 163 637 0 1 0 637 0 1 0 637 0 1 0 637 0 1 0 637 0 1 0 637 0 1 0 637 0 1 0 637 0 1 0 637 0 1 0 637 0 1 0 637 0 1 0 637 0 1 0 637 0 1 0 637 0 1 0 637 0 1 0 637 0 1 0 637 0 1 0 637 0 1 0 637 0 1 0 637 0 1 0 637 0 1 0 637 0 1 0 637 0 1 0 637 0 1 0 637 0 1 0 637 0 1 0 637 0 1 0 637 0 1 0 637 0 1 0 637 0 1 0 637 0 1 0 637 0 1 0 637 0 1 0 637 0 1 0 637 0 1 0 637 0 1 0 637 0 1 0 637 0 1 0 637 0 1 0 637 0 1 0 637 0 1 0 637 0 1 0 637 0 1 0 637 0 1 0 637 0 1 0 637 0 1 0 637 0 1 0 637 0 1 0 637 0 1 0 637 0 1 0 637 0 1 0 637 0 1 0 637 0 1 0 637 0 1 0 637 0 1 0 637 0 1 0 637 0 1 0 637 0 1 0 637 0 1 0 637 0 1 0 637 0 1 0 637 0 1 0 637 0 1 0 637 0 1 0 637 0 1 0 637 0 1 0 637 0 1 0 637 0 1 0 637 0 1 0 637 0 1 0 637 0 1 0 637 0 1 0 637 0 1 0
-1
20 0
-1
21 6
0 6497 716 60 114 0 603 67 85 0 540 60 87 0 1008 112 29 0 1440 160 58 0 981 109 116 0 819 91 142 0 1 0 142 0 1 0 142 0 1 0 142 0 1 0 142 0 1 0 142 0 1 0 142 0 1 0 142 0 1 0 142 0 1 0 142 0 1 0 142 0 1 0 142 0 1 0 142 0 1 0 142 0 1 0 142 0 1 0 142 0 1 0 142 0 1 0 142 0 1 0 142 0 1 0 142 0 1 0 142 0 1 0 142 0 1 0 142 0 1 0 142 0 1 0 142 0 1 0 142 0 1 0 142 0 1 0 142 0 1 0 142 0 1 0 142 0 1 0 142 0 1 0 142 0 1 0 142 0 1 0 142 0 1 0 142 0 1 0 142 0 1 0 142 0 1 0 142 0 1 0 142 0 1 0 142 0 1 0 142 0 1 0 142 0 1 0 142 0 1 0 142 0 1 0 142 0 1 0 142 0 1 0 142 0 1 0 142 0 1 0 142 0 1 0 142 0 1 0 142 0 1 0 142 0 1 0 142 0 1 0 142 0 1053 117
0 9332 1036 12 54 0 3213 357 24 0 945 105 24 0 1 0 23 0 630 70 82 0 1 0 82 0 1 0 82 0 1 0 82 0 4536 504 82 0 1 0 82 0 1 0 82 0 1 0 82 0 1 0
0 4308 475 37 105 0 990 110 76 0 747 83 77 0 1 0 77 0 1 0 77 0 450 50 110 0 1 0 110 0 1 0 110 0 1 0 110 0 1 0 110 0 1 0 110 0 1 0 110 0 1 0 110 0 1 0 110 0 1 0 110 0 1 0 110 0 1 0 110 0 1 0 110 0 1 0 110 0 1 0 110 0 1 0 110 0 1 0 110 0 1 0 110 0 1 0 110 0 1 0 110 0 1 0 110 0 2088 232 110 0 1 0 110 0 1 0 110 0 1 0 110 0 1 0 110 0 1 0 110 0 1 0 110 0 1 0 110 0 1 0 110 0 1 0 110 0 1 0 110 0 1 0
0 3843 423 40 55 0 720 80 28 0 531 59 57 0 567 63 113 0 1 0 113 0 1 0 113 0 1 0 113 0 1989 221 113 0 1 0 113 0 1 0 113 0 1 0 113 0 1 0 113 0 1 0 113 0 1 0 113 0 1 0 113 0 1 0 113 0 1 0 113 0 1 0 113 0 1 0 113 0 1 0 113 0 1 0 113 0 1 0 113 0 1 0 113 0 1 0 113 0 1 0 113 0 1 0 113 0 1 0 113 0 1 0 113 0 1 0 113 0 1 0 113 0 1 0 113 0 1 0 113 0 1 0 113 0 1 0 113 0 1 0 113 0 1 0 113 0 1 0 113 0 1 0 113 0 1 0 113 0 1 0 113 0 1 0
0 4806 530 40 48 0 801 89 49 0 1251 139 109 0 1071 119 109 0 1 0 111 0 1 0 111 0 1 0 111 0 1 0 111 0 1 0 111 0 1 0 111 0 1 0 111 0 1 0 111 0 1 0 111 0 1 0 111 0 1 0 111 0 1 0 111 0 1 0 111 0 1 0 111 0 1 0 111 0 1647 183 111 0 1 0 111 0 1 0 111 0 1 0 111 0 1 0 111 0 1 0 111 0 1 0 111 0 1 0 111 0 1 0 111 0 1 0 111 0 1 0 111 0 1 0 111 0 1 0 111 0 1 0 111 0 1 0 111 0 1 0 111 0 1 0 111 0 1 0 111 0 1 0 111 0 1 0 111 0 1 0 111 0 1 0
1 4296 473 45 24 0 945 105 23 0 630 70 52 0 900 100 52 0 1 0 53 0 1277 197 53 0 1 0 53 0 1 0 53 0 1 0 53 0 1 0 53 0 1 0 53 0 1 0 53 0 1 0 53 0 1 0 53 0 1 0 53 0 1 0 53 0 1 0 53 0 1 0 53 0 1 0 53 1 504 1 53 0 1 0 53 0 1 0 53 0 1 0 53 0 1 0 53 0 1 0 53 0 1 0 53 0 1 0 53 0 1 0 53 0 1 0 53 0 1 0 53 0 1 0 53 0 1 0 53 0 1 0 53 0 1 0 53 0 1 0 53 0 1 0 53 0 1 0 53 0 1 0 53 0 1 0 53 0 1 0 53 0 1 0 53 0 1 0 53 0 1 0 53 0 1 0 53 0 1 0 53 0 1 0
-1
22 6
0 8659 958 40 683 0 2106 234 684 0 5508 612 655 0 1 0 655 0 1 0 655 0 1 0 655 0 1 0 655 0 1 0 655 0 1 0 655 0 1 0 655 0 1 0 655 0 1 0 655 0 1 0 655 0 1 0 655 0 1 0 655 0 1 0 655 0 1 0 655 0 1 0 655 0 1 0 655 0 1 0 655 0 1 0 655 0 1 0 655 0 1 0 655 0 1 0 655 0 1 0 655 0 1 0 655 0 1 0 655 0 1 0 655 0 1 0 655 0 1008 112 655 0 1 0 655 0 1 0 655 0 1 0 655 0 1 0 655 0 1 0 655 0 1 0 655 0 1 0 655 0 1 0 655 0 1 0 655 0 1 0 655 0 1 0
0 6136 677 48 625 0 1836 204 626 0 1269 141 596 0 1485 165 568 0 891 99 598 0 1 0 598 0 1 0 598 0 1 0 598 0 1 0 598 0 1 0 598 0 1 0 598 0 1 0 598 0 1 0 598 0 1 0 598 0 1 0 598 0 1 0 598 0 1 0 598 0 1 0 598 0 1 0 598 0 1 0 598 0 1 0 598 0 612 68 598 0 1 0 598 0 1 0 598 0 1 0 598 0 1 0 598 0 1 0 598 0 1 0 598 0 1 0 598 0 1 0 598 0 1 0 598 0 1 0 598 0 1 0 598 0 1 0 598 0 1 0 598 0 1 0 598 0 1 0 598 0 1 0 598 0 1 0 598 0 1 0 598 0 1 0 598 0 1 0 598 0 1 0 598 0 1 0 598 0 1 0 598 0 1 0 598 0 1 0 598 0 1 0 598 0 1 0
0 1601 174 37 539 0 1 0 539 0 1116 124 570 0 1 0 570 0 1 0 570 0 1 0 570 0 1 0 570 0 1 0 570 0 1 0 570 0 1 0 570 0 1 0 570 0 1 0 570 0 1 0 570 0 1 0 570 0 1 0 570 0 1 0 570 0 1 0 570 0 1 0 570 0 1 0 570 0 1 0 570 0 1 0 570 0 1 0 570 0 1 0 570 0 1 0 570 0 1 0 570 0 1 0 570 0 1 0 570 0 1 0 570 0 1 0 570 0 1 0 570 0 1 0 570 0 1 0 570 0 1 0 570 0 1 0 570 0 1 0 570 0 1 0 570 0 1 0 570 0 450 50
0 4051 447 31 654 0 1 0 654 0 1116 124 656 0 1 0 656 0 1269 141 629 0 1 0 629 0 1 0 629 0 1 0 629 0 1 0 629 0 1 0 629 0 1 0 629 0 1 0 629 0 1 0 629 0 1 0 629 0 1 0 629 0 1 0 629 0 1 0 629 0 1 0 629 0 1 0 629 0 1 0 629 0 1 0 629 0 1 0 629 0 1 0 629 0 1 0 629 0 1638 182 629 0 1 0 629 0 1 0 629 0 1 0 629 0 1 0 629 0 1 0 629 0 1 0 629 0 1 0
0 8483 938 45 483 0 1 0 483 0 810 90 511 0 1701 189 540 0 3726 414 599 0 1 0 599 0 1 0 599 0 1 0 599 0 1 0 599 0 1 0 599 0 1 0 599 0 1 0 599 0 1 0 599 0 1 0 599 0 1 0 599 0 1 0 599 0 2205 245 599 0 1 0 599 0 1 0 599 0 1 0 599 0 1 0 599 0 1 0 599 0 1 0 599 0 1 0 599 0 1 0 599 0 1 0 599 0 1 0 599 0 1 0 599 0 1 0 599 0 1 0 599 0 1 0 599 0 1 0 599 0 1 0 599 0 1 0 599 0 1 0 599 0 1 0 599 0 1 0 599 0 1 0 599 0 1 0 599 0 1 0 599 0 1 0 599 0 1 0 599 0 1 0 599 0 1 0 599 0 1 0 599 0 1 0
0 6053 669 36 457 0 828 92 455 0 1656 184 514 0 1845 205 515 0 1 0 515 0 1692 188 515 0 1 0 515 0 1 0 515 0 1 0 515 0 1 0 515 0 1 0 515 0 1 0 515 0 1 0 515 0 1 0 515 0 1 0 515 0 1 0 515 0 1 0 515 0 1 0 515 0 1 0 515 0 1 0 515 0 1 0 515 0 1 0 515 0 1 0 515 0 1 0 515 0 1 0 515 0 1 0 515 0 1 0 515 0 1 0 515 0 1 0 515 0 1 0 515 0 1 0 515 0 1 0 515 0 1 0 515 0 1 0 515 0 1 0 515 0 1 0 515 0 1 0
-1
23 5
0 7584 838 47 425 0 1638 182 423 0 1746 194 393 0 1908 212 394 0 1017 113 395 0 1 0 395 0 1 0 395 0 1 0 395 0 1 0 395 0 1 0 395 0 1 0 395 0 1 0 395 0 1 0 395 0 1 0 395 0 1 0 395 0 1 0 395 0 1 0 395 0 1 0 395 0 1 0 395 0 1 0 395 0 1 0 395 0 1 0 395 0 1 0 395 0 1 0 395 0 1 0 395 0 1233 137 395 0 1 0 395 0 1 0 395 0 1 0 395 0 1 0 395 0 1 0 395 0 1 0 395 0 1 0 395 0 1 0 395 0 1 0 395 0 1 0 395 0 1 0 395 0 1 0 395 0 1 0 395 0 1 0 395 0 1 0 395 0 1 0 395 0 1 0 395 0 1 0 395 0 1 0 395 0 1 0 395 0 1 0 395 0 1 0
1 8038 888 54 424 0 1278 142 452 0 1269 141 481 0 1197 133 454 0 855 95 397 1 746 1 397 0 1206 216 370 0 1 0 370 0 1 0 370 0 1 0 370 0 1 0 370 0 1 0 370 0 1 0 370 0 1 0 370 0 1 0 370 0 1 0 370 0 1 0 370 0 1 0 370 0 1 0 370 0 1 0 370 0 1 0 370 0 1 0 370 0 1 0 370 0 1 0 370 0 1 0 370 0 1 0 370 0 1 0 370 0 1 0 370 0 1 0 370 0 1 0 370 0 1 0 370 0 1440 160 370 0 1 0 370 0 1 0 370 0 1 0 370 0 1 0 370 0 1 0 370 0 1 0 370 0 1 0 370 0 1 0 370 0 1 0 370 0 1 0 370 0 1 0 370 0 1 0 370 0 1 0 370 0 1 0 370 0 1 0 370 0 1 0 370 0 1 0 370 0 1 0 370 0 1 0 370 0 1 0 370 0 1 0 370 0 1 0 370 0 1 0
0 5395 593 63 406 0 846 94 432 0 738 82 403 0 69 168 403 0 1443 0 373 0 1 0 373 0 1 0 373 0 1 0 373 0 1 0 373 0 1 0 373 0 1 0 373 0 1 0 373 0 1 0 373 0 1 0 373 0 1 0 373 0 1 0 373 0 1 0 373 0 1 0 373 0 1 0 373 0 1 0 373 0 1 0 373 0 1 0 373 0 1 0 373 0 1 0 373 0 1 0 373 0 1 0 373 0 1 0 373 0 1 0 373 0 1 0 373 0 1 0 373 0 1 0 373 0 1 0 373 0 1 0 373 0 1 0 373 0 1 0 373 0 1 0 373 0 1 0 373 0 1 0 373 0 1 0 373 0 1 0 373 0 1 0 373 0 1 0 373 0 1 0 373 0 1 0 373 0 1 0 373 0 1 0 373 0 1 0 373 0 1 0 373 0 1 0 373 0 1 0 373 0 1 0 373 0 1 0 373 0 2241 249 373 0 1 0 373 0 1 0 373 0 1 0 373 0 1 0 373 0 1 0 373 0 1 0 373 0 1 0 373 0 1 0 373 0 1 0 373 0 1 0 373 0 1 0
0 5439 599 53 337 0 882 98 307 0 1062 118 276 0 1359 151 278 0 864 96 279 0 1 0 279 0 1 0 279 0 1 0 279 0 1 0 279 0 1 0 279 0 1 0 279 0 1 0 279 0 1 0 279 0 1 0 279 0 1 0 279 0 1 0 279 0 1 0 279 0 1 0 279 0 1 0 279 0 1 0 279 0 1 0 279 0 1 0 279 0 1 0 279 0 1 0 279 0 1 0 279 0 1 0 279 0 1 0 279 0 1 0 279 0 1 0 279 0 1 0 279 0 1 0 279 0 1 0 279 0 1 0 279 0 1 0 279 0 1 0 279 0 1 0 279 0 1 0 279 0 1 0 279 0 1 0 279 0 1224 136 279 0 1 0 279 0 1 0 279 0 1 0 279 0 1 0 279 0 1 0 279 0 1 0 279 0 1 0 279 0 1 0 279 0 1 0 279 0 1 0 279 0 1 0 279 0 1 0 279 0 1 0 279 0 1 0
2 4194 460 60 453 0 999 111 482 0 846 94 399 0 271 255 399 0 1 0 399 0 1 0 399 0 1 0 399 0 1 0 399 0 1 0 399 0 1 0 399 0 1 0 399 0 1 0 399 0 1 0 399 0 1 0 399 0 1 0 399 0 1 0 399 0 1 0 399 0 1 0 399 0 1 0 399 0 1 0 399 0 1 0 399 0 1 0 399 0 1 0 399 0 1 0 399 0 1 0 399 0 1 0 399 0 1 0 399 2 2022 0 399 0 1 0 399 0 1 0 399 0 1 0 399 0 1 0 399 0 1 0 399 0 1 0 399 0 1 0 399 0 1 0 399 0 1 0 399 0 1 0 399 0 1 0 399 0 1 0 399 0 1 0 399 0 1 0 399 0 1 0 399 0 1 0 399 0 1 0 399 0 1 0 399 0 1 0 399 0 1 0 399 0 1 0 399 0 1 0 399 0 1 0 399 0 1 0 399 0 1 0 399 0 1 0 399 0 1 0 399 0 1 0 399 0 1 0 399 0 1 0 399 0 1 0 399 0 1 0 399 0 1 0
-1
24 5
0 8066 890 62 713 0 783 87 771 0 4104 456 743 0 819 91 742 0 630 70 715 0 999 111 715 0 1 0 659 0 1 0 659 0 1 0 659 0 1 0 659 0 1 0 659 0 1 0 659 0 1 0 659 0 1 0 659 0 1 0 659 0 1 0 659 0 1 0 659 0 1 0 659 0 1 0 659 0 1 0 659 0 1 0 659 0 1 0 659 0 1 0 659 0 1 0 659 0 1 0 659 0 1 0 659 0 1 0 659 0 1 0 659 0 1 0 659 0 1 0 659 0 1 0 659 0 1 0 659 0 1 0 659 0 1 0 659 0 1 0 659 0 1 0 659 0 1 0 659 0 1 0 659 0 1 0 659 0 1 0 659 0 1 0 659 0 1 0 659 0 1 0 659 0 1 0 659 0 1 0 659 0 675 75 659 0 1 0 659 0 1 0 659 0 1 0 659 0 1 0 659 0 1 0 659 0 1 0 659 0 1 0 659 0 1 0 659 0 1 0 659 0 1 0 659 0 1 0 659 0 1 0 659 0 1 0 659 0 1 0 659 0 1 0 659 0 1 0 659 0 1 0
4 7914 778 55 595 0 2196 244 566 0 1755 195 567 0 1494 166 538 4 871 1 538 0 1 0 569 0 1 0 569 0 1 0 569 0 1 0 569 0 1 0 569 0 1 0 569 0 1 0 569 0 1 0 569 0 1 0 569 0 1 0 569 0 1 0 569 0 1 0 569 0 1 0 569 0 1 0 569 0 1 0 569 0 1 0 569 0 1 0 569 0 1 0 569 0 1 0 569 0 1 0 569 0 1 0 569 0 1 0 569 0 1 0 569 0 1 0 569 0 1 0 569 0 1 0 569 0 1 0 569 0 1 0 569 0 1 0 569 0 1 0 569 0 1 0 569 0 1 0 569 0 1 0 569 0 1 0 569 0 1 0 569 0 1 0 569 0 1 0 569 0 1 0 569 0 1 0 569 0 1 0 569 0 1 0 569 0 1 0 569 0 1 0 569 0 1 0 569 0 1 0 569 0 1 0 569 0 1 0 569 0 1 0 569 0 1548 172 569 0 1 0 569 0 1 0
0 6150 678 52 712 0 2574 286 740 0 1089 121 657 0 1665 185 657 0 1 0 657 0 1 0 658 0 1 0 658 0 1 0 658 0 1 0 658 0 1 0 658 0 1 0 658 0 1 0 658 0 1 0 658 0 1 0 658 0 1 0 658 0 1 0 658 0 1 0 658 0 774 86 658 0 1 0 658 0 1 0 658 0 1 0 658 0 1 0 658 0 1 0 658 0 1 0 658 0 1 0 658 0 1 0 658 0 1 0 658 0 1 0 658 0 1 0 658 0 1 0 658 0 1 0 658 0 1 0 658 0 1 0 658 0 1 0 658 0 1 0 658 0 1 0 658 0 1 0 658 0 1 0 658 0 1 0 658 0 1 0 658 0 1 0 658 0 1 0 658 0 1 0 658 0 1 0 658 0 1 0 658 0 1 0 658 0 1 0 658 0 1 0 658 0 1 0 658 0 1 0 658 0 1 0 658 0 1 0 658 0 1 0
0 6543 721 59 510 0 1485 165 509 0 1359 151 480 0 1827 203 541 0 657 73 572 0 1 0 572 0 1 0 572 0 1 0 572 0 1 0 572 0 1 0 572 0 1 0 572 0 1 0 572 0 1 0 572 0 1 0 572 0 1 0 572 0 1 0 572 0 1 0 572 0 1 0 572 0 1 0 572 0 1 0 572 0 1 0 572 0 1 0 572 0 1 0 572 0 1 0 572 0 1 0 572 0 1 0 572 0 1 0 572 0 1 0 572 0 1 0 572 0 1 0 572 0 1 0 572 0 1 0 572 0 1 0 572 0 1 0 572 0 1 0 572 0 1 0 572 0 1 0 572 0 1 0 572 0 1 0 572 0 1 0 572 0 1 0 572 0 1 0 572 0 1 0 572 0 1 0 572 0 1 0 572 0 1 0 572 0 1 0 572 0 1 0 572 0 1 0 572 0 1 0 572 0 1 0 572 0 1 0 572 0 1 0 572 0 1 0 572 0 1161 129 572 0 1 0 572 0 1 0 572 0 1 0 572 0 1 0 572 0 1 0
0 7395 816 55 682 0 1296 144 653 0 1665 185 624 0 3123 347 624 0 1 0 628 0 1 0 628 0 1 0 628 0 1 0 628 0 1 0 628 0 1 0 628 0 1 0 628 0 1 0 628 0 1 0 628 0 1 0 628 0 1 0 628 0 1 0 628 0 1 0 628 0 1 0 628 0 1 0 628 0 1 0 628 0 1 0 628 0 1 0 628 0 1 0 628 0 1 0 628 0 1 0 628 0 1 0 628 0 1 0 628 0 1 0 628 0 1 0 628 0 1 0 628 0 1 0 628 0 1 0 628 0 1 0 628 0 1 0 628 0 1 0 628 0 1 0 628 0 1 0 628 0 1 0 628 0 1 0 628 0 1 0 628 0 1 0 628 0 1 0 628 0 1 0 628 0 1 0 628 0 1260 140 628 0 1 0 628 0 1 0 628 0 1 0 628 0 1 0 628 0 1 0 628 0 1 0 628 0 1 0 628 0 1 0 628 0 1 0 628 0 1 0 628 0 1 0
-1
25 4
6 13336 1332 69 247 0 2448 272 245 0 2268 252 216 0 2385 265 215 0 1827 203 244 6 1286 0 277 0 2610 290 306 0 1 0 306 0 1 0 306 0 1 0 306 0 1 0 306 0 1 0 306 0 1 0 306 0 1 0 306 0 1 0 306 0 1 0 306 0 1 0 306 0 450 50 306 0 1 0 306 0 1 0 306 0 1 0 306 0 1 0 306 0 1 0 306 0 1 0 306 0 1 0 306 0 1 0 306 0 1 0 306 0 1 0 306 0 1 0 306 0 1 0 306 0 1 0 306 0 1 0 306 0 1 0 306 0 1 0 306 0 1 0 306 0 1 0 306 0 1 0 306 0 1 0 306 0 1 0 306 0 1 0 306 0 1 0 306 0 1 0 306 0 1 0 306 0 1 0 306 0 1 0 306 0 1 0 306 0 1 0 306 0 1 0 306 0 1 0 306 0 1 0 306 0 1 0 306 0 1 0 306 0 1 0 306 0 1 0 306 0 1 0 306 0 1 0 306 0 1 0 306 0 1 0 306 0 1 0 306 0 1 0 306 0 1 0 306 0 1 0 306 0 1 0 306 0 1 0 306 0 1 0 306 0 1 0 306 0 1 0 306 0 1 0 306 0 1 0 306 0 1 0
0 12700 1404 70 420 0 2322 258 391 0 3168 352 361 0 4113 457 362 0 1665 185 335 0 900 100 280 0 1 0 280 0 1 0 280 0 1 0 280 0 1 0 280 0 1 0 280 0 1 0 280 0 1 0 280 0 1 0 280 0 1 0 280 0 1 0 280 0 1 0 280 0 1 0 280 0 1 0 280 0 1 0 280 0 1 0 280 0 1 0 280 0 1 0 280 0 1 0 280 0 1 0 280 0 1 0 280 0 1 0 280 0 1 0 280 0 1 0 280 0 1 0 280 0 1 0 280 0 1 0 280 0 1 0 280 0 1 0 280 0 1 0 280 0 1 0 280 0 1 0 280 0 1 0 280 0 1 0 280 0 1 0 280 0 1 0 280 0 1 0 280 0 1 0 280 0 1 0 280 0 1 0 280 0 1 0 280 0 1 0 280 0 1 0 280 0 1 0 280 0 1 0 280 0 1 0 280 0 1 0 280 0 1 0 280 0 1 0 280 0 1 0 280 0 1 0 280 0 1 0 280 0 1 0 280 0 1 0 280 0 1 0 280 0 1 0 280 0 1 0 280 0 1 0 280 0 1 0 280 0 1 0 280 0 1 0 280 0 1 0 280 0 1 0 280 0 1 0 280 0 468 52 280 0 1 0
7 12896 1428 60 302 0 2727 303 303 0 2106 234 331 0 1980 220 274 0 1458 162 275 0 1098 122 305 0 648 72 249 0 1152 128 222 0 1 0 222 0 1 0 222 0 1 0 222 0 1 0 222 0 1 0 222 0 1 0 222 0 159 186 222 0 1 0 222 0 1 0 222 0 1 0 222 0 1 0 222 0 1 0 222 0 1 0 222 0 1 0 222 0 1 0 222 0 1 0 222 0 1 0 222 0 1 0 222 0 1 0 222 0 1 0 222 0 1 0 222 0 1 0 222 0 1 0 222 0 1 0 222 0 1 0 222 0 1 0 222 0 1 0 222 0 1 0 222 0 1 0 222 0 1 0 222 0 1 0 222 0 1 0 222 7 1517 1 222 0 1 0 222 0 1 0 222 0 1 0 222 0 1 0 222 0 1 0 222 0 1 0 222 0 1 0 222 0 1 0 222 0 1 0 222 0 1 0 222 0 1 0 222 0 1 0 222 0 1 0 222 0 1 0 222 0 1 0 222 0 1 0 222 0 1 0 222 0 1 0 222 0 1 0 222 0 1 0
0 11362 1257 57 161 0 1602 178 190 0 1215 135 187 0 1998 222 159 0 1395 155 160 0 936 104 191 0 468 52 223 0 1 0 223 0 666 74 223 0 1 0 252 0 1 0 252 0 1 0 252 0 1 0 252 0 1 0 252 0 1 0 252 0 1 0 252 0 1 0 252 0 1 0 252 0 3033 337 252 0 1 0 252 0 1 0 252 0 1 0 252 0 1 0 252 0 1 0 252 0 1 0 252 0 1 0 252 0 1 0 252 0 1 0 252 0 1 0 252 0 1 0 252 0 1 0 252 0 1 0 252 0 1 0 252 0 1 0 252 0 1 0 252 0 1 0 252 0 1 0 252 0 1 0 252 0 1 0 252 0 1 0 252 0 1 0 252 0 1 0 252 0 1 0 252 0 1 0 252 0 1 0 252 0 1 0 252 0 1 0 252 0 1 0 252 0 1 0 252 0 1 0 252 0 1 0 252 0 1 0 252 0 1 0 252 0 1 0 252 0 1 0 252 0 1 0 252 0 1 0 252 0 1 0
-1
26 1
0 9132 992 208 783 0 1872 208 783 0 1 0 782 0 1557 173 781 0 3447 383 781 0 1 0 780 0 1 0 780 0 1 0 780 0 1 0 780 0 1 0 780 0 1 0 780 0 1 0 780 0 1 0 780 0 1 0 780 0 1 0 780 0 1 0 780 0 1 0 780 0 1 0 780 0 1 0 780 0 1 0 780 0 1 0 780 0 1 0 780 0 1 0 780 0 1 0 780 0 1 0 780 0 1 0 780 0 1 0 780 0 1 0 780 0 1 0 780 0 1 0 780 0 1 0 780 0 1 0 780 0 1 0 780 0 1 0 780 0 1 0 780 0 1 0 780 0 1 0 780 0 1 0 780 0 1 0 780 0 1 0 780 0 1 0 780 0 1 0 780 0 1 0 780 0 1 0 780 0 1 0 780 0 1 0 780 0 1 0 780 0 1 0 780 0 1 0 780 0 1 0 780 0 1 0 780 0 1 0 780 0 1 0 780 0 1 0 780 0 1 0 780 0 1 0 780 0 1 0 780 0 1 0 780 0 2052 228 780 0 1 0 780 0 1 0 780 0 1 0 780 0 1 0 780 0 1 0 780 0 1 0 780 0 1 0 780 0 1 0 780 0 1 0 780 0 1 0 780 0 1 0 780 0 1 0 780 0 1 0 780 0 1 0 780 0 1 0 780 0 1 0 780 0 1 0 780 0 1 0 780 0 1 0 780 0 1 0 780 0 1 0 780 0 1 0 780 0 1 0 780 0 1 0 780 0 1 0 780 0 1 0 780 0 1 0 780 0 1 0 780 0 1 0 780 0 1 0 780 0 1 0 780 0 1 0 780 0 1 0 780 0 1 0 780 0 1 0 780 0 1 0 780 0 1 0 780 0 1 0 780 0 1 0 780 0 1 0 780 0 1 0 780 0 1 0 780 0 1 0 780 0 1 0 780 0 1 0 780 0 1 0 780 0 1 0 780 0 1 0 780 0 1 0 780 0 1 0 780 0 1 0 780 0 1 0 780 0 1 0 780 0 1 0 780 0 1 0 780 0 1 0 780 0 1 0 780 0 1 0 780 0 1 0 780 0 1 0 780 0 1 0 780 0 1 0 780 0 1 0 780 0 1 0 780 0 1 0 780 0 1 0 780 0 1 0 780 0 1 0 780 0 1 0 780 0 1 0 780 0 1 0 780 0 1 0 780 0 1 0 780 0 1 0 780 0 1 0 780 0 1 0 780 0 1 0 780 0 1 0 780 0 1 0 780 0 1 0 780 0 1 0 780 0 1 0 780 0 1 0 780 0 1 0 780 0 1 0 780 0 1 0 780 0 1 0 780 0 1 0 780 0 1 0 780 0 1 0 780 0 1 0 780 0 1 0 780 0 1 0 780 0 1 0 780 0 1 0 780 0 1 0 780 0 1 0 780 0 1 0 780 0 1 0 780 0 1 0 780 0 1 0 780 0 1 0 780 0 1 0 780 0 1 0 780 0 1 0 780 0 1 0 780 0 1 0 780 0 1 0 780 0 1 0 780 0 1 0 780 0 1 0 780 0 1 0 780 0 1 0 780 0 1 0 780 0 1 0 780 0 1 0 780 0 1 0 780 0 1 0 780 0 1 0 780 0 1 0 780 0 1 0 780 0 1 0 780 0 1 0 780 0 1 0 780 0 1 0 780 0 1 0 780 0 1 0 780 0 1 0 780 0 1 0 780 0 1 0 780 0 1 0 780 0 1 0 780 0 1 0 780 0 1 0 780 0 1 0 780 0 1 0 780 0 1 0 780 0 1 0 780 0 1 0 780 0 1 0 780 0 1 0 780 0 1 0 780 0 1 0 780 0 1 0 780 0 1 0 780 0 1 0 780 0 1 0 780 0 1 0 780 0 1 0 780 0 1 0
-1
27 4
0 6707 739 64 135 0 675 75 102 0 1620 180 131 0 1206 134 103 0 720 80 103 0 1 0 104 0 1332 148 138 0 1 0 138 0 1 0 138 0 1 0 138 0 1 0 138 0 1 0 138 0 1 0 138 0 1 0 138 0 1 0 138 0 1 0 138 0 1 0 138 0 1 0 138 0 1 0 138 0 1 0 138 0 1 0 138 0 1 0 138 0 1 0 138 0 1 0 138 0 1 0 138 0 1 0 138 0 1 0 138 0 1 0 138 0 1 0 138 0 1 0 138 0 1 0 138 0 1 0 138 0 1 0 138 0 1 0 138 0 1 0 138 0 1 0 138 0 1 0 138 0 1 0 138 0 1 0 138 0 1 0 138 0 1 0 138 0 1 0 138 0 1 0 138 0 1 0 138 0 1 0 138 0 1 0 138 0 1 0 138 0 1 0 138 0 1 0 138 0 1 0 138 0 1 0 138 0 658 0 138 0 325 122 138 0 1 0 138 0 1 0 138 0 1 0 138 0 1 0 138 0 1 0 138 0 1 0 138 0 1 0 138 0 1 0 138 0 1 0 138 0 1 0 138 0 115 0 138 0 1 0
0 6560 724 51 45 0 1431 159 17 0 1269 141 18 0 1008 112 19 0 666 74 79 0 594 66 79 0 1 0 79 0 594 66 168 0 1 0 168 0 1 0 168 0 1 0 168 0 1 0 168 0 1 0 168 0 1 0 168 0 1 0 168 0 1 0 168 0 1 0 168 0 1 0 168 0 1 0 168 0 1 0 168 0 1 0 168 0 1 0 168 0 1 0 168 0 1 0 168 0 1 0 168 0 1 0 168 0 1 0 168 0 1 0 168 0 1 0 168 0 1 0 168 0 1 0 168 0 1 0 168 0 1 0 168 0 1 0 168 0 1 0 168 0 1 0 168 0 1 0 168 0 1 0 168 0 1 0 168 0 1 0 168 0 1 0 168 0 954 106 168 0 1 0 168 0 1 0 168 0 1 0 168 0 1 0 168 0 1 0 168 0 1 0 168 0 1 0 168 0 1 0 168 0 1 0 168 0 1 0
0 5669 623 66 189 0 3285 365 218 0 450 50 217 0 1215 135 195 0 1 0 196 0 1 0 196 0 1 0 196 0 1 0 196 0 1 0 196 0 657 73 196 0 1 0 196 0 1 0 196 0 1 0 196 0 1 0 196 0 1 0 196 0 1 0 196 0 1 0 196 0 1 0 196 0 1 0 196 0 1 0 196 0 1 0 196 0 1 0 196 0 1 0 196 0 1 0 196 0 1 0 196 0 1 0 196 0 1 0 196 0 1 0 196 0 1 0 196 0 1 0 196 0 1 0 196 0 1 0 196 0 1 0 196 0 1 0 196 0 1 0 196 0 1 0 196 0 1 0 196 0 1 0 196 0 1 0 196 0 1 0 196 0 1 0 196 0 1 0 196 0 1 0 196 0 1 0 196 0 1 0 196 0 1 0 196 0 1 0 196 0 1 0 196 0 1 0 196 0 1 0 196 0 1 0 196 0 1 0 196 0 1 0 196 0 1 0 196 0 1 0 196 0 1 0 196 0 1 0 196 0 1 0 196 0 1 0 196 0 1 0 196 0 1 0 196 0 1 0 196 0 1 0 196 0 1 0 196 0 1 0 196 0 1 0 196 0 1 0
0 3423 412 71 166 0 493 94 166 0 1 0 130 0 1143 127 167 0 1 0 167 0 1 0 167 0 1 0 167 0 1 0 167 0 1 0 167 0 1 0 167 0 1 0 167 0 1 0 167 0 1 0 167 0 1 0 167 0 1 0 167 0 1 0 167 0 1 0 167 0 1 0 167 0 1 0 167 0 1 0 167 0 1 0 167 0 1 0 167 0 1 0 167 0 1 0 167 0 1 0 167 0 1 0 167 0 1 0 167 0 1 0 167 0 1 0 167 0 1 0 167 0 1 0 167 0 1 0 167 0 1 0 167 0 1 0 167 0 1 0 167 0 1 0 167 0 1 0 167 0 1 0 167 0 1 0 167 0 1 0 167 0 1 0 167 0 1 0 167 0 1 0 167 0 1 0 167 0 1 0 167 0 1 0 167 0 1 0 167 0 1 0 167 0 1 0 167 0 1 0 167 0 1 0 167 0 1 0 167 0 1 0 167 0 1 0 167 0 1 0 167 0 1 0 167 0 1 0 167 0 1 0 167 0 1719 191 167 0 1 0 167 0 1 0 167 0 1 0 167 0 1 0 167 0 1 0 167 0 1 0 167 0 1 0 167 0 1 0 167 0 1 0 167 0 1 0 167 0 1 0 167 0 1 0 167 0 1 0
-1
28 0
-1
29 2
0 2403 255 110 374 0 1656 184 374 0 1 0 374 0 1 0 374 0 1 0 374 0 1 0 315 0 1 0 315 0 1 0 315 0 1 0 315 0 1 0 315 0 1 0 315 0 1 0 315 0 1 0 315 0 1 0 315 0 1 0 315 0 1 0 315 0 1 0 315 0 1 0 315 0 1 0 315 0 1 0 315 0 1 0 315 0 1 0 315 0 1 0 315 0 1 0 315 0 1 0 315 0 1 0 315 0 1 0 315 0 1 0 315 0 1 0 315 0 639 71 315 0 1 0 315 0 1 0 315 0 1 0 315 0 1 0 315 0 1 0 315 0 1 0 315 0 1 0 315 0 1 0 315 0 1 0 315 0 1 0 315 0 1 0 315 0 1 0 315 0 1 0 315 0 1 0 315 0 1 0 315 0 1 0 315 0 1 0 315 0 1 0 315 0 1 0 315 0 1 0 315 0 1 0 315 0 1 0 315 0 1 0 315 0 1 0 315 0 1 0 315 0 1 0 315 0 1 0 315 0 1 0 315 0 1 0 315 0 1 0 315 0 1 0 315 0 1 0 315 0 1 0 315 0 1 0 315 0 1 0 315 0 1 0 315 0 1 0 315 0 1 0 315 0 1 0 315 0 1 0 315 0 1 0 315 0 1 0 315 0 1 0 315 0 1 0 315 0 1 0 315 0 1 0 315 0 1 0 315 0 1 0 315 0 1 0 315 0 1 0 315 0 1 0 315 0 1 0 315 0 1 0 315 0 1 0 315 0 1 0 315 0 1 0 315 0 1 0 315 0 1 0 315 0 1 0 315 0 1 0 315 0 1 0 315 0 1 0 315 0 1 0 315 0 1 0 315 0 1 0 315 0 1 0 315 0 1 0 315 0 1 0 315 0 1 0 315 0 1 0 315 0 1 0 315 0 1 0 315 0 1 0 315 0 1 0 315 0 1 0 315 0 1 0 315 0 1 0 315 0 1 0 315 0 1 0 315 0 1 0 315 0 1 0
0 7405 812 101 364 0 810 90 365 0 2358 262 311 0 1 0 311 0 1926 214 312 0 1 0 312 0 1 0 312 0 1 0 312 0 1 0 312 0 1 0 312 0 1 0 312 0 1 0 312 0 1 0 312 0 1 0 312 0 1 0 312 0 1 0 312 0 1 0 312 0 1 0 312 0 1 0 312 0 2214 246 312 0 1 0 312 0 1 0 312 0 1 0 312 0 1 0 312 0 1 0 312 0 1 0 312 0 1 0 312 0 1 0 312 0 1 0 312 0 1 0 312 0 1 0 312 0 1 0 312 0 1 0 312 0 1 0 312 0 1 0 312 0 1 0 312 0 1 0 312 0 1 0 312 0 1 0 312 0 1 0 312 0 1 0 312 0 1 0 312 0 1 0 312 0 1 0 312 0 1 0 312 0 1 0 312 0 1 0 312 0 1 0 312 0 1 0 312 0 1 0 312 0 1 0 312 0 1 0 312 0 1 0 312 0 1 0 312 0 1 0 312 0 1 0 312 0 1 0 312 0 1 0 312 0 1 0 312 0 1 0 312 0 1 0 312 0 1 0 312 0 1 0 312 0 1 0 312 0 1 0 312 0 1 0 312 0 1 0 312 0 1 0 312 0 1 0 312 0 1 0 312 0 1 0 312 0 1 0 312 0 1 0 312 0 1 0 312 0 1 0 312 0 1 0 312 0 1 0 312 0 1 0 312 0 1 0 312 0 1 0 312 0 1 0 312 0 1 0 312 0 1 0 312 0 1 0 312 0 1 0 312 0 1 0 312 0 1 0 312 0 1 0 312 0 1 0 312 0 1 0 312 0 1 0 312 0 1 0 312 0 1 0 312 0 1 0 312 0 1 0 312 0 1 0 312 0 1 0 312 0 1 0 312 0 1 0 312 0 1 0 312 0 1 0 312 0 1 0
-1
30 0
-1
