1 7
0 9016 947 2 498 0 8514 946 317 0 502 1
7 3969 439 28 171 0 1 0 171 0 1 0 171 0 2448 272 269 0 1239 167 269 0 1 0 269 0 1 0 269 0 1 0 269 0 1 0 269 0 1 0 269 0 1 0 269 0 1 0 269 0 1 0 269 0 1 0 269 0 1 0 269 0 1 0 269 0 1 0 269 0 1 0 269 0 1 0 269 0 1 0 269 0 1 0 269 0 1 0 269 0 1 0 269 0 1 0 269 0 1 0 269 0 1 0 269 7 257 0 269 0 1 0 269 0 1 0
0 7277 806 27 535 0 450 50 535 0 450 50 335 0 1 0 335 0 1 0 335 0 1 0 335 0 1 0 335 0 1 0 335 0 1 0 335 0 1 0 335 0 1 0 335 0 1 0 335 0 3177 353 335 0 1 0 335 0 1 0 335 0 1 0 335 0 1 0 335 0 1 0 335 0 1 0 335 0 3177 353 335 0 1 0 335 0 1 0 335 0 1 0 335 0 1 0 335 0 1 0 335 0 1 0 335 0 1 0 335 0 1 0
2 8960 994 23 453 0 3240 360 53 0 1019 132 53 2 176 1 427 0 828 92 480 0 1305 145 489 0 1710 190 13 0 1 0 13 0 1 0 13 0 666 74 13 0 1 0 269 0 1 0 269 0 1 0 269 0 1 0 269 0 1 0 269 0 1 0 269 0 1 0 269 0 1 0 269 0 1 0 269 0 1 0 269 0 1 0 269 0 1 0 269 0 1 0 269 0 1 0
8 9013 991 3 532 0 4833 537 487 0 4086 454 488 8 94 0
3 9063 1 1 364 3 9063 1
4 8692 964 25 263 0 945 105 177 0 4194 466 21 0 2232 248 146 0 1279 145 146 0 1 0 146 0 1 0 146 0 1 0 146 0 1 0 146 4 22 0 146 0 1 0 146 0 1 0 146 0 1 0 146 0 1 0 146 0 1 0 146 0 1 0 146 0 1 0 146 0 1 0 146 0 1 0 146 0 1 0 146 0 1 0 146 0 1 0 146 0 1 0 146 0 1 0 146 0 1 0 146 0 1 0
-1
2 9
0 9238 1024 25 576 0 1 0 576 0 1 0 576 0 1 0 576 0 2187 243 576 0 1 0 391 0 5193 577 41 0 1 0 41 0 1 0 41 0 1 0 41 0 1 0 41 0 1 0 41 0 1 0 41 0 1 0 41 0 1 0 41 0 1 0 41 0 1836 204 41 0 1 0 41 0 1 0 41 0 1 0 41 0 1 0 41 0 1 0 41 0 1 0 41 0 1 0 41 0 1 0 41 0 1 0
5 9010 999 30 175 0 2745 305 175 0 1 0 175 0 1 0 461 0 1 0 461 0 1 0 461 0 3528 392 461 0 1 0 73 0 1089 121 426 0 603 67 426 0 1 0 426 0 1 0 426 0 1 0 426 0 1 0 381 0 302 114 381 0 1 0 381 0 1 0 381 0 1 0 381 0 1 0 381 0 1 0 381 5 719 0 381 0 1 0 381 0 1 0 381 0 1 0 381 0 1 0 381 0 1 0 381 0 1 0 381 0 1 0 381 0 1 0 381 0 1 0 381 0 1 0
3 9842 716 2 455 0 6435 715 353 3 3407 1
0 9608 1335 27 163 0 2592 288 575 0 756 84 2 0 3654 406 495 0 2457 273 345 0 1 0 345 0 1 0 345 0 1 0 345 0 1 0 345 0 1 0 345 0 1 0 345 0 1 0 345 0 1 0 345 0 1 0 345 0 1 0 345 0 1 0 345 0 1 0 345 0 1 0 345 0 127 284 345 0 1 0 345 0 1 0 345 0 1 0 345 0 1 0 345 0 1 0 345 0 1 0 345 0 1 0 345 0 1 0 345 0 1 0
0 9218 1022 26 259 0 86 0 259 0 2258 0 259 0 500 316 287 0 900 100 287 0 1 0 189 0 2691 299 189 0 1 0 4 0 1 0 4 0 1 0 4 0 1 0 4 0 1 0 4 0 1 0 4 0 1 0 4 0 1 0 4 0 1 0 4 0 1 0 4 0 1 0 4 0 1 0 4 0 1 0 4 0 1 0 4 0 1 0 4 0 1 0 4 0 1 0 4 0 2763 307 4 0 1 0 4 0 1 0
8 9829 966 4 143 0 3888 432 286 0 2547 283 384 0 2250 250 213 8 1144 1
0 9825 1062 3 202 0 5688 632 237 0 3861 429 248 0 276 1
1 9430 672 23 214 0 5391 599 126 1 3362 0 478 0 1 0 478 0 1 0 478 0 1 0 478 0 1 0 478 0 1 0 478 0 1 0 478 0 1 0 478 0 1 0 478 0 1 0 478 0 1 0 478 0 657 73 478 0 1 0 478 0 1 0 478 0 1 0 478 0 1 0 478 0 1 0 478 0 1 0 478 0 1 0 478 0 1 0 478 0 1 0 478 0 1 0
14 9059 1239 24 353 0 1585 554 231 0 2493 277 179 0 1719 191 331 0 811 215 345 6 384 1 345 8 2049 1 345 0 1 0 345 0 1 0 345 0 1 0 345 0 1 0 345 0 1 0 345 0 1 0 345 0 1 0 345 0 1 0 345 0 1 0 345 0 1 0 345 0 1 0 345 0 1 0 345 0 1 0 345 0 1 0 345 0 1 0 345 0 1 0 345 0 1 0 345 0 1 0
-1
3 6
0 8141 1036 24 277 0 702 78 134 0 1791 199 248 0 2235 278 20 0 2898 322 295 0 1 0 295 0 1 0 295 0 1 0 295 0 1 0 295 0 1 0 295 0 1 0 295 0 1 0 295 0 1 0 295 0 1 0 295 0 496 159 295 0 1 0 295 0 1 0 295 0 1 0 295 0 1 0 295 0 1 0 295 0 1 0 295 0 1 0 295 0 1 0 295 0 1 0 295 0 1 0
0 8135 901 29 91 0 801 89 108 0 4662 518 36 0 1 0 36 0 1 0 36 0 1 0 36 0 1 0 36 0 1 0 36 0 1 0 36 0 1 0 36 0 1 0 36 0 1 0 36 0 1 0 36 0 1 0 36 0 1 0 36 0 2646 294 36 0 1 0 36 0 1 0 36 0 1 0 36 0 1 0 36 0 1 0 36 0 1 0 36 0 1 0 36 0 1 0 36 0 1 0 36 0 1 0 36 0 1 0 36 0 1 0 36 0 1 0 36 0 1 0
0 6398 707 37 580 0 3402 378 580 0 1 0 284 0 1 0 284 0 1 0 284 0 1 0 284 0 1 0 284 0 1 0 284 0 1 0 284 0 1 0 284 0 1 0 284 0 1 0 284 0 1 0 284 0 1 0 284 0 1 0 284 0 1 0 284 0 1 0 284 0 1 0 284 0 1 0 284 0 1 0 284 0 1 0 284 0 1 0 284 0 2961 329 284 0 1 0 284 0 1 0 284 0 1 0 284 0 1 0 284 0 1 0 284 0 1 0 284 0 1 0 284 0 1 0 284 0 1 0 284 0 1 0 284 0 1 0 284 0 1 0 284 0 1 0 284 0 1 0 284 0 1 0
0 8148 902 35 62 0 764 84 62 0 1 1 380 0 2916 324 554 0 1 0 554 0 1809 201 180 0 1 0 180 0 1 0 180 0 2628 292 180 0 1 0 180 0 1 0 180 0 1 0 180 0 1 0 180 0 1 0 180 0 1 0 180 0 1 0 180 0 1 0 180 0 1 0 180 0 1 0 180 0 1 0 180 0 1 0 180 0 1 0 180 0 1 0 180 0 1 0 180 0 1 0 180 0 1 0 180 0 1 0 180 0 1 0 180 0 1 0 180 0 1 0 180 0 1 0 180 0 1 0 180 0 1 0 180 0 1 0 180 0 1 0 180 0 1 0
10 7062 211 21 468 3 4037 1 331 7 1126 1 186 0 1 0 186 0 1 0 186 0 1 0 186 0 1 0 186 0 1 0 186 0 1 0 186 0 1 0 186 0 1 0 186 0 1881 209 186 0 1 0 186 0 1 0 186 0 1 0 186 0 1 0 186 0 1 0 186 0 1 0 186 0 1 0 186 0 1 0 186 0 1 0 186 0 1 0
0 8028 871 23 213 0 182 1 226 0 1287 143 496 0 1224 136 77 0 1917 213 439 0 1 0 439 0 1206 134 234 0 999 111 174 0 1 0 174 0 1 0 174 0 1 0 174 0 1 0 174 0 1 0 174 0 1 0 174 0 1 0 174 0 1 0 174 0 1 0 174 0 1 0 174 0 1 0 174 0 1 0 174 0 1197 133 174 0 1 0 174 0 1 0 174 0 1 0
-1
4 9
0 10356 1148 29 196 0 3303 367 79 0 2016 224 187 0 1728 192 541 0 1296 144 367 0 1 0 367 0 1 0 367 0 1 0 367 0 1 0 367 0 1 0 367 0 1 0 367 0 1 0 367 0 1 0 367 0 1 0 367 0 1 0 367 0 1 0 367 0 1 0 367 0 1 0 367 0 1 0 367 0 1 0 367 0 1989 221 367 0 1 0 367 0 1 0 367 0 1 0 367 0 1 0 367 0 1 0 367 0 1 0 367 0 1 0 367 0 1 0 367 0 1 0
0 10228 1135 18 94 0 2151 239 56 0 1800 200 100 0 2313 257 292 0 2214 246 556 0 1 0 556 0 1 0 556 0 1 0 556 0 1 0 556 0 1 0 556 0 1 0 556 0 1 0 556 0 1 0 556 0 1 0 556 0 1 0 556 0 1 0 556 0 1737 193 556 0 1 0 556 0 1 0
7 10658 1080 14 125 0 3294 366 219 0 1431 159 295 7 937 1 537 0 1 0 537 0 1 0 537 0 4986 554 537 0 1 0 537 0 1 0 537 0 1 0 537 0 1 0 537 0 1 0 537 0 1 0 537 0 1 0 537 0 1 0
5 11277 1252 22 382 0 1701 189 379 0 1899 211 43 0 1971 219 114 0 1908 212 69 0 855 95 55 1 330 0 55 0 1 0 55 0 1 0 55 0 2211 325 55 0 1 0 55 0 1 0 55 0 1 0 55 0 1 0 55 0 1 0 55 0 1 0 55 0 1 0 55 0 1 0 55 0 1 0 55 4 388 1 55 0 1 0 55 0 1 0 55 0 1 0
0 9468 1050 22 465 0 2448 272 208 0 3879 431 477 0 2250 250 538 0 1 0 538 0 1 0 538 0 873 97 538 0 1 0 538 0 1 0 538 0 1 0 538 0 1 0 538 0 1 0 538 0 1 0 538 0 1 0 538 0 1 0 538 0 1 0 538 0 1 0 538 0 1 0 538 0 1 0 538 0 1 0 538 0 1 0 538 0 1 0 538 0 1 0
0 3929 435 17 301 0 1107 123 460 0 1035 115 68 0 1 0 68 0 1 0 68 0 1 0 68 0 1 0 68 0 1773 197 68 0 1 0 68 0 1 0 68 0 1 0 68 0 1 0 68 0 1 0 68 0 1 0 68 0 1 0 68 0 1 0 68 0 1 0 68 0 1 0
0 11463 1272 21 490 0 2214 246 12 0 2151 239 81 0 3060 340 574 0 1467 163 365 0 1 0 365 0 1818 202 392 0 1 0 392 0 1 0 392 0 1 0 392 0 1 0 392 0 1 0 392 0 1 0 392 0 1 0 392 0 1 0 392 0 1 0 392 0 1 0 392 0 738 82 392 0 1 0 392 0 1 0 392 0 1 0 392 0 1 0
0 10993 1690 61 59 0 1584 176 446 0 1665 185 272 0 1062 118 413 0 900 100 328 0 990 110 525 0 2160 240 109 0 1260 140 401 0 1098 122 224 0 1 0 224 0 222 499 224 0 1 0 224 0 1 0 224 0 1 0 224 0 1 0 224 0 1 0 224 0 1 0 224 0 1 0 224 0 1 0 224 0 1 0 224 0 1 0 224 0 1 0 224 0 1 0 224 0 1 0 224 0 1 0 224 0 1 0 224 0 1 0 224 0 1 0 224 0 1 0 224 0 1 0 224 0 1 0 224 0 1 0 224 0 1 0 224 0 1 0 224 0 1 0 224 0 1 0 224 0 1 0 224 0 1 0 224 0 1 0 224 0 1 0 224 0 1 0 224 0 1 0 224 0 1 0 224 0 1 0 224 0 1 0 224 0 1 0 224 0 1 0 224 0 1 0 224 0 1 0 224 0 1 0 224 0 1 0 224 0 1 0 224 0 1 0 224 0 1 0 224 0 1 0 224 0 1 0 224 0 1 0 224 0 1 0 224 0 1 0 224 0 1 0 224 0 1 0 224 0 1 0
0 9988 1108 23 586 0 1656 184 486 0 1971 219 182 0 1647 183 137 0 1629 181 512 0 999 111 373 0 855 95 594 0 1 0 594 0 1 0 594 0 1 0 594 0 1 0 594 0 1 0 594 0 1 0 594 0 1 0 594 0 1 0 594 0 1 0 594 0 1 0 594 0 1 0 594 0 1215 135 594 0 1 0 594 0 1 0 594 0 1 0 594 0 1 0 594 0 1 0
-1
5 2
3 6700 735 92 204 0 1 0 204 0 1 0 204 0 812 132 204 0 1 0 204 3 382 1 204 0 1 0 204 0 1 0 204 0 1 0 204 0 1 0 204 0 1 0 31 0 3006 334 31 0 1 0 31 0 1 0 31 0 1 0 31 0 1 0 31 0 1 0 31 0 1 0 31 0 1 0 31 0 1 0 31 0 1 0 31 0 1 0 31 0 1 0 31 0 1 0 31 0 1 0 31 0 1 0 22 0 1 0 22 0 1 0 22 0 1 0 22 0 1 0 22 0 1 0 22 0 1 0 22 0 1 0 22 0 1 0 22 0 2412 268 22 0 1 0 22 0 1 0 22 0 1 0 22 0 1 0 22 0 1 0 22 0 1 0 22 0 1 0 22 0 1 0 22 0 1 0 22 0 1 0 22 0 1 0 22 0 1 0 22 0 1 0 22 0 1 0 22 0 1 0 22 0 1 0 22 0 1 0 22 0 1 0 22 0 1 0 22 0 1 0 22 0 1 0 22 0 1 0 22 0 1 0 22 0 1 0 22 0 1 0 22 0 1 0 22 0 1 0 22 0 1 0 22 0 1 0 22 0 1 0 22 0 1 0 22 0 1 0 22 0 1 0 22 0 1 0 22 0 1 0 22 0 1 0 22 0 1 0 22 0 1 0 22 0 1 0 22 0 1 0 22 0 1 0 22 0 1 0 22 0 1 0 22 0 1 0 22 0 1 0 22 0 1 0 22 0 1 0 22 0 1 0 22 0 1 0 22 0 1 0 22 0 1 0 22 0 1 0 22 0 1 0 22 0 1 0 22 0 1 0 22 0 1 0 22 0 1 0 22 0 1 0
0 5120 561 73 565 0 1 0 565 0 738 82 565 0 1 0 160 0 1 0 160 0 1 0 160 0 1 0 160 0 1 0 160 0 1 0 160 0 1 0 160 0 1 0 160 0 1 0 160 0 1 0 160 0 1 0 160 0 4311 479 160 0 1 0 160 0 1 0 160 0 1 0 160 0 1 0 160 0 1 0 160 0 1 0 160 0 1 0 160 0 1 0 160 0 1 0 160 0 1 0 160 0 1 0 160 0 1 0 160 0 1 0 160 0 1 0 160 0 1 0 160 0 1 0 160 0 1 0 160 0 1 0 160 0 1 0 160 0 1 0 160 0 1 0 160 0 1 0 160 0 1 0 160 0 1 0 160 0 1 0 160 0 1 0 160 0 1 0 160 0 1 0 160 0 1 0 160 0 1 0 160 0 1 0 160 0 1 0 160 0 1 0 160 0 1 0 160 0 1 0 160 0 1 0 160 0 1 0 160 0 1 0 160 0 1 0 160 0 1 0 160 0 1 0 160 0 1 0 160 0 1 0 160 0 1 0 160 0 1 0 160 0 1 0 160 0 1 0 160 0 1 0 160 0 1 0 160 0 1 0 160 0 1 0 160 0 1 0 160 0 1 0 160 0 1 0 160 0 1 0 160 0 1 0 160 0 1 0 160 0 1 0 160 0 1 0
-1
6 0
-1
7 11
3 13459 1268 4 241 0 3573 397 153 0 3996 444 547 3 2047 0 145 0 3843 427
5 9395 1043 18 150 0 3735 415 530 0 2781 309 479 5 1540 0 479 0 435 220 484 0 1 0 484 0 891 99 484 0 1 0 484 0 1 0 484 0 1 0 484 0 1 0 484 0 1 0 484 0 1 0 484 0 1 0 484 0 1 0 484 0 1 0 484 0 1 0 484 0 1 0 484 0 1 0
9 13408 1329 21 268 0 4671 519 507 0 5976 664 374 9 1431 0 459 0 1 0 459 0 1097 1 459 0 1 0 459 0 1 0 459 0 1 0 459 0 1 0 459 0 1 0 459 0 1 0 459 0 1 0 459 0 1 0 459 0 1 0 459 0 1 0 459 0 1 0 459 0 1 0 459 0 1 0 459 0 1 0 459 0 1 0 459 0 217 145
0 12368 1373 17 406 0 1827 203 482 0 2556 284 378 0 3195 355 176 0 1962 218 470 0 1404 156 74 0 1 0 74 0 1 0 74 0 1 0 74 0 1 0 74 0 1 0 74 0 1 0 74 0 1 0 74 0 1 0 74 0 1413 157 74 0 1 0 74 0 1 0 74 0 1 0
0 12682 1407 25 169 0 1836 204 305 0 1503 167 84 0 3366 374 40 0 3015 335 590 0 1926 214 240 0 1 0 240 0 1 0 240 0 1 0 240 0 1 0 240 0 1017 113 240 0 1 0 240 0 1 0 240 0 1 0 240 0 1 0 240 0 1 0 240 0 1 0 240 0 1 0 240 0 1 0 240 0 1 0 240 0 1 0 240 0 1 0 240 0 1 0 240 0 1 0 240 0 1 0 240 0 1 0
9 13451 1416 7 28 0 1566 174 362 9 716 1 257 0 1890 210 15 0 2538 282 261 0 2574 286 194 0 3033 337 264 0 1134 126
0 8328 923 26 311 0 1440 160 90 0 1413 157 598 0 2889 321 285 0 477 53 122 0 1 0 122 0 1 0 122 0 2088 232 122 0 1 0 122 0 1 0 122 0 1 0 122 0 1 0 122 0 1 0 122 0 1 0 122 0 1 0 122 0 1 0 122 0 1 0 122 0 1 0 122 0 1 0 122 0 1 0 122 0 1 0 122 0 1 0 122 0 1 0 122 0 1 0 122 0 1 0 122 0 1 0 122 0 1 0
0 7951 882 17 107 0 3618 402 445 0 1989 221 291 0 1881 209 418 0 1 0 418 0 1 0 418 0 1 0 418 0 1 0 418 0 1 0 418 0 1 0 418 0 1 0 418 0 1 0 418 0 1 0 418 0 450 50 418 0 1 0 418 0 1 0 418 0 1 0 418 0 1 0
0 13257 1699 23 547 0 1253 367 87 0 1773 197 516 0 1494 166 444 0 1638 182 173 0 2106 234 454 0 1665 185 497 0 1 0 497 0 1 0 497 0 1 0 497 0 1 0 497 0 1 0 497 0 1 0 497 0 1 0 497 0 1 0 497 0 1 0 497 0 1 0 497 0 3312 368 497 0 1 0 497 0 1 0 497 0 1 0 497 0 1 0 497 0 1 0 497 0 1 0
0 6732 746 22 185 0 3096 344 44 0 1368 152 14 0 1197 133 203 0 1 0 203 0 1 0 203 0 1 0 203 0 1 0 203 0 1 0 203 0 1053 117 203 0 1 0 203 0 1 0 203 0 1 0 203 0 1 0 203 0 1 0 203 0 1 0 203 0 1 0 203 0 1 0 203 0 1 0 203 0 1 0 203 0 1 0 203 0 1 0 203 0 1 0
0 3827 424 14 161 0 1377 153 307 0 1062 118 10 0 1 0 10 0 1 0 10 0 1 0 10 0 1 0 10 0 1 0 10 0 1 0 10 0 1377 153 10 0 1 0 10 0 1 0 10 0 1 0 10 0 1 0 10 0 1 0
-1
8 6
0 9430 925 29 209 0 1090 1 211 0 1 0 211 0 2934 326 70 0 1836 204 35 0 2682 298 320 0 1 0 320 0 1 0 320 0 1 0 320 0 1 0 320 0 1 0 320 0 1 0 320 0 1 0 320 0 1 0 320 0 1 0 320 0 1 0 320 0 1 0 320 0 1 0 320 0 1 0 320 0 864 96 320 0 1 0 320 0 1 0 320 0 1 0 320 0 1 0 320 0 1 0 320 0 1 0 320 0 1 0 320 0 1 0 320 0 1 0 320 0 1 0
0 10605 1176 25 585 0 2295 255 157 0 3915 435 255 0 1953 217 98 0 1 0 98 0 1 0 98 0 2421 269 98 0 1 0 98 0 1 0 98 0 1 0 98 0 1 0 98 0 1 0 98 0 1 0 98 0 1 0 98 0 1 0 98 0 1 0 98 0 1 0 98 0 1 0 98 0 1 0 98 0 1 0 98 0 1 0 98 0 1 0 98 0 1 0 98 0 1 0 98 0 1 0 98 0 1 0
0 9458 1048 31 188 0 1287 143 6 0 2178 242 253 0 2151 239 199 0 1935 215 149 0 1 0 149 0 1 0 149 0 1 0 149 0 1 0 149 0 1 0 149 0 1 0 149 0 1 0 149 0 1 0 149 0 1 0 149 0 1 0 149 0 1 0 149 0 1 0 149 0 1 0 149 0 1 0 149 0 1 0 149 0 1 0 149 0 1 0 149 0 1 0 149 0 1 0 149 0 1 0 149 0 1 0 149 0 1 0 149 0 1 0 149 0 1 0 149 0 1 0 149 0 1881 209 149 0 1 0
7 10801 1007 4 330 0 2493 277 116 0 2889 321 99 0 3672 408 567 7 1747 1
16 7383 718 32 38 0 2691 299 170 0 2007 223 124 0 1764 196 210 0 1 0 210 0 1 0 210 2 743 0 210 0 1 0 210 0 1 0 210 0 1 0 210 0 1 0 210 0 1 0 210 0 1 0 210 7 76 0 210 0 1 0 210 0 1 0 210 0 1 0 210 0 1 0 210 0 1 0 210 0 1 0 210 7 76 0 210 0 1 0 210 0 1 0 210 0 1 0 210 0 1 0 210 0 1 0 210 0 1 0 210 0 1 0 210 0 1 0 210 0 1 0 210 0 1 0 210 0 1 0 210 0 1 0
5 6419 710 39 582 0 2106 234 389 0 1755 195 561 0 666 74 34 0 1628 206 34 0 1 0 34 0 1 0 34 0 1 0 34 0 1 0 34 0 1 0 34 0 1 0 34 0 1 0 34 0 1 0 34 0 1 0 34 0 1 0 34 0 1 0 34 5 230 1 34 0 1 0 34 0 1 0 34 0 1 0 34 0 1 0 34 0 1 0 34 0 1 0 34 0 1 0 34 0 1 0 34 0 1 0 34 0 1 0 34 0 1 0 34 0 1 0 34 0 1 0 34 0 1 0 34 0 1 0 34 0 1 0 34 0 1 0 34 0 1 0 34 0 1 0 34 0 1 0 34 0 1 0 34 0 1 0 34 0 1 0
-1
9 8
7 10203 1132 28 312 0 4140 460 312 0 1 0 314 0 1305 145 128 0 1278 142 337 0 1215 135 566 0 1 0 566 0 1 0 566 0 1 0 566 0 1 0 566 0 2201 250 566 0 1 0 566 0 1 0 566 0 1 0 566 0 1 0 566 0 1 0 566 0 1 0 566 0 1 0 566 0 1 0 566 0 1 0 566 0 1 0 566 0 1 0 566 0 1 0 566 7 42 0 566 0 1 0 566 0 1 0 566 0 1 0 566 0 1 0 566 0 1 0
12 14079 1563 32 501 0 3735 415 513 0 3618 402 429 0 2115 235 327 0 122 125 327 0 1 0 327 7 1005 1 306 0 48 87 306 5 730 0 504 0 1 0 504 0 1 0 504 0 1 0 504 0 1 0 504 0 1 0 504 0 1 0 504 0 1 0 504 0 1 0 504 0 1 0 504 0 1 0 504 0 1 0 504 0 1 0 504 0 2682 298 504 0 1 0 504 0 1 0 504 0 1 0 504 0 1 0 504 0 1 0 504 0 1 0 504 0 1 0 504 0 1 0 504 0 1 0 504 0 1 0 504 0 1 0
0 9432 1045 31 273 0 1629 181 435 0 2601 289 579 0 2268 252 220 0 1 0 220 0 2907 323 220 0 1 0 220 0 1 0 220 0 1 0 220 0 1 0 220 0 1 0 220 0 1 0 220 0 1 0 220 0 1 0 220 0 1 0 220 0 1 0 220 0 1 0 220 0 1 0 220 0 1 0 220 0 1 0 220 0 1 0 220 0 1 0 220 0 1 0 220 0 1 0 220 0 1 0 220 0 1 0 220 0 1 0 220 0 1 0 220 0 1 0 220 0 1 0 220 0 1 0 220 0 1 0
0 8218 911 23 254 0 3501 389 394 0 639 71 400 0 1 0 400 0 3330 370 536 0 1 0 536 0 729 81 536 0 1 0 536 0 1 0 536 0 1 0 536 0 1 0 536 0 1 0 536 0 1 0 536 0 1 0 536 0 1 0 536 0 1 0 536 0 1 0 536 0 1 0 536 0 1 0 536 0 1 0 536 0 1 0 536 0 1 0 536 0 1 0 536 0 1 0
0 15804 1754 25 361 0 2826 314 289 0 927 103 60 0 3186 354 103 0 2277 253 212 0 2061 229 591 0 1512 168 543 0 1 0 543 0 1 0 543 0 1 0 543 0 1 0 543 0 1 0 543 0 1 0 543 0 2997 333 543 0 1 0 543 0 1 0 543 0 1 0 543 0 1 0 543 0 1 0 543 0 1 0 543 0 1 0 543 0 1 0 543 0 1 0 543 0 1 0 543 0 1 0 543 0 1 0
0 10941 1214 21 243 0 2754 306 466 0 2574 286 115 0 1449 161 112 0 1611 179 596 0 1971 219 430 0 1 0 430 0 1 0 430 0 1 0 430 0 1 0 430 0 1 0 430 0 1 0 430 0 1 0 430 0 567 63 430 0 1 0 430 0 1 0 430 0 1 0 430 0 1 0 430 0 1 0 430 0 1 0 430 0 1 0 430 0 1 0
0 15331 1701 32 360 0 2223 247 469 0 1530 170 411 0 1143 127 282 0 1125 125 280 0 999 111 546 0 981 109 233 0 2322 258 370 0 855 95 359 0 3411 379 89 0 1 0 89 0 1 0 89 0 1 0 89 0 1 0 89 0 1 0 89 0 1 0 89 0 1 0 89 0 1 0 89 0 1 0 89 0 1 0 89 0 1 0 89 0 1 0 89 0 1 0 89 0 1 0 89 0 1 0 89 0 720 80 89 0 1 0 89 0 1 0 89 0 1 0 89 0 1 0 89 0 1 0 89 0 1 0 89 0 1 0
0 14958 1660 27 249 0 2097 233 195 0 1809 201 527 0 1944 216 437 0 2232 248 113 0 1773 197 342 0 1629 181 192 0 828 92 283 0 756 84 288 0 1 0 288 0 1 0 288 0 1 0 288 0 1872 208 288 0 1 0 288 0 1 0 288 0 1 0 288 0 1 0 288 0 1 0 288 0 1 0 288 0 1 0 288 0 1 0 288 0 1 0 288 0 1 0 288 0 1 0 288 0 1 0 288 0 1 0 288 0 1 0 288 0 1 0
-1
10 6
0 10301 1516 25 508 0 1890 210 440 0 864 96 126 0 480 427 168 0 5274 586 184 0 1 0 184 0 1 0 184 0 1 0 184 0 1 0 184 0 1 0 184 0 1 0 184 0 1 0 184 0 1 0 184 0 1 0 184 0 1773 197 184 0 1 0 184 0 1 0 184 0 1 0 184 0 1 0 184 0 1 0 184 0 1 0 184 0 1 0 184 0 1 0 184 0 1 0 184 0 1 0 184 0 1 0
6 12576 1395 34 485 0 747 83 133 0 846 94 39 0 718 172 39 6 824 0 123 0 4194 466 57 0 1 0 57 0 1 0 57 0 1 0 57 0 1 0 57 0 1 0 57 0 3735 415 57 0 1 0 57 0 1 0 200 0 1485 165 200 0 1 0 200 0 1 0 200 0 1 0 200 0 1 0 200 0 1 0 200 0 1 0 200 0 1 0 200 0 1 0 200 0 1 0 200 0 1 0 200 0 1 0 200 0 1 0 200 0 1 0 200 0 1 0 200 0 1 0 200 0 1 0 200 0 1 0 200 0 1 0 200 0 1 0 200 0 1 0
0 7260 804 28 281 0 2169 241 290 0 1710 190 407 0 954 106 293 0 1 0 293 0 1 0 293 0 1 0 293 0 1 0 293 0 1 0 293 0 1 0 293 0 1 0 293 0 1 0 293 0 1 0 293 0 1 0 293 0 1 0 293 0 1 0 293 0 1 0 293 0 1 0 293 0 2403 267 293 0 1 0 293 0 1 0 293 0 1 0 293 0 1 0 293 0 1 0 293 0 1 0 293 0 1 0 293 0 1 0 293 0 1 0 293 0 1 0
6 11800 1309 32 23 0 1251 139 390 0 1566 174 147 0 1161 129 529 0 4 334 529 6 3005 1 340 0 2736 304 339 0 1 0 339 0 1 0 339 0 2052 228 339 0 1 0 339 0 1 0 339 0 1 0 339 0 1 0 339 0 1 0 339 0 1 0 339 0 1 0 339 0 1 0 339 0 1 0 339 0 1 0 339 0 1 0 339 0 1 0 339 0 1 0 339 0 1 0 339 0 1 0 339 0 1 0 339 0 1 0 339 0 1 0 339 0 1 0 339 0 1 0 339 0 1 0 339 0 1 0 339 0 1 0
0 9999 1109 25 5 0 3420 380 93 0 1026 114 471 0 864 96 47 0 1287 143 132 0 1 0 132 0 1071 119 421 0 1 0 421 0 1 0 421 0 1 0 421 0 1 0 421 0 1 0 421 0 408 256 421 0 1 0 421 0 1 0 421 0 1 0 421 0 1 0 421 0 1 0 421 0 1 0 421 0 1 0 421 0 1 0 421 0 1 0 421 0 1 0 421 0 1905 1 421 0 1 0 421 0 1 0
0 4428 489 32 49 0 1134 126 246 0 675 75 71 0 540 60 30 0 549 61 139 0 1 0 139 0 1 0 139 0 1 0 139 0 1 0 139 0 1503 167 139 0 1 0 139 0 1 0 139 0 1 0 139 0 1 0 139 0 1 0 139 0 1 0 139 0 1 0 139 0 1 0 139 0 1 0 139 0 1 0 139 0 1 0 139 0 1 0 139 0 1 0 139 0 1 0 139 0 1 0 139 0 1 0 139 0 1 0 139 0 1 0 139 0 1 0 139 0 1 0 139 0 1 0 139 0 1 0 139 0 1 0
-1
11 4
0 8666 959 39 315 0 3510 390 315 0 1 0 409 0 450 50 592 0 2619 291 509 0 1 0 509 0 1 0 509 0 1 0 509 0 1 0 509 0 1 0 509 0 1 0 509 0 1 0 509 0 1 0 509 0 1 0 509 0 1 0 509 0 1 0 509 0 1 0 509 0 1 0 509 0 1 0 509 0 1 0 509 0 1 0 509 0 1 0 509 0 1 0 509 0 1 0 509 0 2052 228 509 0 1 0 509 0 1 0 509 0 1 0 509 0 1 0 509 0 1 0 509 0 1 0 509 0 1 0 509 0 1 0 509 0 1 0 509 0 1 0 509 0 1 0 509 0 1 0 509 0 1 0 509 0 1 0 509 0 1 0
0 8998 996 40 372 0 1278 142 357 0 1791 199 106 0 1926 214 363 0 1638 182 66 0 1197 133 569 0 1 0 569 0 1 0 569 0 1 0 569 0 1 0 569 0 1 0 569 0 1 0 569 0 1134 126 569 0 1 0 569 0 1 0 569 0 1 0 569 0 1 0 569 0 1 0 569 0 1 0 569 0 1 0 569 0 1 0 569 0 1 0 569 0 1 0 569 0 1 0 569 0 1 0 569 0 1 0 569 0 1 0 569 0 1 0 569 0 1 0 569 0 1 0 569 0 1 0 569 0 1 0 569 0 1 0 569 0 1 0 569 0 1 0 569 0 1 0 569 0 1 0 569 0 1 0 569 0 1 0 569 0 1 0 569 0 1 0
0 9359 1035 49 395 0 1782 198 304 0 1836 204 92 0 1431 159 156 0 2277 253 276 0 1 0 276 0 1 0 276 0 1 0 276 0 1 0 276 0 1 0 276 0 1 0 276 0 1 0 276 0 1 0 276 0 1 0 276 0 1 0 276 0 1 0 276 0 1989 221 276 0 1 0 276 0 1 0 276 0 1 0 276 0 1 0 276 0 1 0 276 0 1 0 276 0 1 0 276 0 1 0 276 0 1 0 276 0 1 0 276 0 1 0 276 0 1 0 276 0 1 0 276 0 1 0 276 0 1 0 276 0 1 0 276 0 1 0 276 0 1 0 276 0 1 0 276 0 1 0 276 0 1 0 276 0 1 0 276 0 1 0 276 0 1 0 276 0 1 0 276 0 1 0 276 0 1 0 276 0 1 0 276 0 1 0 276 0 1 0 276 0 1 0 276 0 1 0 276 0 1 0
3 9484 1054 8 278 0 1629 181 46 0 2025 225 274 0 1665 185 510 0 1998 222 425 0 1267 157 425 3 143 0 383 0 1 0 383 0 756 84
-1
12 1
0 10499 994 144 271 0 918 102 218 0 1206 134 298 0 1179 131 45 0 1089 121 562 0 1 0 562 0 1 0 562 0 1 0 562 0 1 0 562 0 1 0 562 0 4545 505 562 0 1 0 521 0 1 0 521 0 1 0 521 0 1 0 521 0 1 0 521 0 1 0 521 0 1 0 521 0 1 0 521 0 1 0 521 0 1 0 521 0 1 0 521 0 1 0 521 0 1 0 521 0 1 0 521 0 1 0 521 0 1 0 521 0 1 0 521 0 1 0 521 0 1 0 521 0 1 0 521 0 1 0 521 0 1 0 521 0 1 0 521 0 1 0 521 0 1 0 521 0 1 0 521 0 1 0 521 0 1 0 521 0 1 0 521 0 1 0 521 0 1 0 521 0 1 0 521 0 1 0 521 0 1 0 521 0 1 0 521 0 1 0 521 0 1 0 521 0 1 0 521 0 1 0 521 0 1 0 521 0 1 0 521 0 1 0 521 0 1 0 521 0 1 0 521 0 1 0 521 0 1 0 521 0 1 0 521 0 1 0 521 0 1 0 521 0 1 0 521 0 1 0 521 0 1 0 521 0 1 0 521 0 1 0 521 0 1 0 521 0 1 0 521 0 1 0 521 0 1 0 521 0 1 0 521 0 1 0 521 0 1 0 521 0 1 0 521 0 1 0 521 0 1 0 521 0 1 0 521 0 1 0 521 0 1 0 521 0 1 0 521 0 1 0 521 0 1 0 521 0 1 0 521 0 1 0 521 0 1 0 521 0 1 0 521 0 1 0 521 0 1 0 521 0 1 0 521 0 1 0 521 0 1 0 521 0 1 0 521 0 1 0 521 0 1 0 521 0 1 0 521 0 1 0 521 0 1 0 521 0 1 0 521 0 1 0 521 0 1 0 521 0 1 0 521 0 1 0 521 0 1 0 521 0 1 0 521 0 1 0 521 0 1 0 521 0 1 0 521 0 1 0 521 0 1 0 521 0 1 0 521 0 1 0 521 0 1 0 521 0 1 0 521 0 1 0 521 0 1 0 521 0 1 0 521 0 1 0 521 0 1424 1 521 0 1 0 521 0 1 0 521 0 1 0 521 0 1 0 521 0 1 0 521 0 1 0 521 0 1 0 521 0 1 0 521 0 1 0 521 0 1 0 521 0 1 0 521 0 1 0 521 0 1 0 521 0 1 0 521 0 1 0 521 0 1 0 521 0 1 0 521 0 1 0 521 0 1 0 521 0 1 0 521 0 1 0 521 0 1 0 521 0 1 0 521 0 1 0 521 0 1 0 521 0 1 0 521 0 1 0 521 0 1 0
-1
13 6
0 2710 299 22 37 0 1152 128 366 0 729 81 265 0 1 0 265 0 1 0 265 0 1 0 265 0 1 0 265 0 810 90 265 0 1 0 265 0 1 0 265 0 1 0 265 0 1 0 265 0 1 0 265 0 1 0 265 0 1 0 265 0 1 0 265 0 1 0 265 0 1 0 265 0 1 0 265 0 1 0 265 0 1 0 265 0 1 0 265 0 1 0
9 9131 1012 39 140 5 1997 0 140 0 698 300 350 0 2106 234 294 3 1065 1 294 0 317 185 294 1 288 0 531 0 1 0 531 0 1 0 531 0 1 0 531 0 2628 292 531 0 1 0 531 0 1 0 531 0 1 0 531 0 1 0 531 0 1 0 531 0 1 0 531 0 1 0 531 0 1 0 531 0 1 0 531 0 1 0 531 0 1 0 531 0 1 0 531 0 1 0 531 0 1 0 531 0 1 0 531 0 1 0 531 0 1 0 531 0 1 0 531 0 1 0 531 0 1 0 531 0 1 0 531 0 1 0 531 0 1 0 531 0 1 0 531 0 1 0 531 0 1 0 531 0 1 0 531 0 1 0 531 0 1 0
1 4164 460 30 154 1 831 0 154 0 113 105 436 0 1332 148 422 0 1179 131 422 0 1 0 524 0 1 0 524 0 1 0 524 0 1 0 524 0 1 0 524 0 1 0 524 0 1 0 524 0 1 0 524 0 1 0 524 0 1 0 524 0 1 0 524 0 1 0 524 0 1 0 524 0 1 0 524 0 1 0 524 0 1 0 524 0 1 0 524 0 1 0 524 0 1 0 524 0 1 0 524 0 684 76 524 0 1 0 524 0 1 0 524 0 1 0 524 0 1 0 524 0 1 0
0 3004 331 28 483 0 1449 161 499 0 612 68 388 0 1 0 388 0 1 0 388 0 1 0 388 0 1 0 388 0 1 0 388 0 1 0 388 0 1 0 388 0 1 0 388 0 1 0 388 0 918 102 388 0 1 0 388 0 1 0 388 0 1 0 388 0 1 0 388 0 1 0 388 0 1 0 388 0 1 0 388 0 1 0 388 0 1 0 388 0 1 0 388 0 1 0 388 0 1 0 388 0 1 0 388 0 1 0 388 0 1 0 388 0 1 0
2 7905 875 37 7 0 810 90 416 0 94 527 416 2 4656 1 550 0 1755 195 127 0 1 0 127 0 1 0 127 0 1 0 127 0 1 0 127 0 1 0 127 0 1 0 127 0 1 0 127 0 1 0 127 0 1 0 127 0 1 0 127 0 1 0 127 0 1 0 127 0 1 0 127 0 558 62 127 0 1 0 127 0 1 0 127 0 1 0 127 0 1 0 127 0 1 0 127 0 1 0 127 0 1 0 127 0 1 0 127 0 1 0 127 0 1 0 127 0 1 0 127 0 1 0 127 0 1 0 127 0 1 0 127 0 1 0 127 0 1 0 127 0 1 0 127 0 1 0 127 0 1 0
7 2956 141 27 244 0 558 62 205 7 1663 0 165 0 1 0 165 0 1 0 165 0 1 0 165 0 1 0 165 0 1 0 165 0 1 0 165 0 1 0 165 0 1 0 165 0 1 0 165 0 1 0 165 0 1 0 165 0 1 0 165 0 1 0 165 0 1 0 165 0 1 0 165 0 1 0 165 0 1 0 165 0 1 0 165 0 1 0 165 0 711 79 165 0 1 0 165 0 1 0 165 0 1 0 165 0 1 0 165 0 1 0
-1
14 6
0 13468 1687 34 375 0 6219 691 266 0 3789 421 371 0 3132 348 567 0 1 0 567 0 1 0 567 0 1 0 567 0 1 0 567 0 1 0 567 0 1 0 567 0 1 0 567 0 1 0 567 0 1 0 567 0 1 0 567 0 298 227 567 0 1 0 567 0 1 0 567 0 1 0 567 0 1 0 567 0 1 0 567 0 1 0 567 0 1 0 567 0 1 0 567 0 1 0 567 0 1 0 567 0 1 0 567 0 1 0 567 0 1 0 567 0 1 0 567 0 1 0 567 0 1 0 567 0 1 0 567 0 1 0 567 0 1 0 567 0 1 0
5 13082 1452 27 181 0 2619 291 457 0 3654 406 119 0 1989 221 467 0 1881 209 558 0 1305 145 95 5 299 0 95 0 479 87 402 0 837 93 269 0 1 0 269 0 1 0 269 0 1 0 269 0 1 0 269 0 1 0 269 0 1 0 269 0 1 0 269 0 1 0 269 0 1 0 269 0 1 0 269 0 1 0 269 0 1 0 269 0 1 0 269 0 1 0 269 0 1 0 269 0 1 0 269 0 1 0 269 0 1 0 269 0 1 0
0 12643 1402 31 588 0 2160 240 24 0 3852 428 198 0 2124 236 245 0 1259 1 245 0 1234 276 50 0 1 0 50 0 1 0 50 0 1 0 50 0 1 0 50 0 1 0 50 0 1 0 50 0 1 0 50 0 1 0 50 0 1 0 50 0 1 0 50 0 1 0 50 0 1 0 50 0 1 0 50 0 1 0 50 0 1 0 50 0 1 0 50 0 1989 221 50 0 1 0 50 0 1 0 50 0 1 0 50 0 1 0 50 0 1 0 50 0 1 0 50 0 1 0 50 0 1 0 50 0 1 0
7 13568 1410 9 559 0 1161 129 141 0 1755 195 571 0 1539 171 595 0 1584 176 191 0 1764 196 452 0 1764 196 17 0 2025 225 322 0 1098 122 317 7 878 0
2 10569 1171 39 8 0 716 102 8 0 1 0 8 2 209 1 223 0 1 0 223 0 864 96 61 0 1 0 61 0 1476 164 502 0 2889 321 451 0 1251 139 451 0 1 0 349 0 1 0 349 0 1 0 349 0 1 0 349 0 1 0 349 0 1 0 349 0 1 0 349 0 1 0 349 0 1 0 349 0 1 0 349 0 1 0 349 0 1 0 349 0 1 0 349 0 1 0 349 0 1 0 349 0 1 0 349 0 1 0 349 0 1 0 349 0 1 0 349 0 1 0 349 0 3132 348 349 0 1 0 349 0 1 0 349 0 1 0 349 0 1 0 349 0 1 0 349 0 1 0 349 0 1 0 349 0 1 0 349 0 1 0
0 3593 550 25 221 0 945 105 317 0 62 160 593 0 1323 147 166 0 1 0 166 0 1242 138 166 0 1 0 166 0 1 0 166 0 1 0 166 0 1 0 166 0 1 0 166 0 1 0 166 0 1 0 166 0 1 0 166 0 1 0 166 0 1 0 166 0 1 0 166 0 1 0 166 0 1 0 166 0 1 0 166 0 1 0 166 0 1 0 166 0 1 0 166 0 1 0 166 0 1 0 166 0 1 0
-1
15 7
0 14242 1579 37 431 0 3132 348 555 0 2268 252 338 0 1863 207 310 0 1638 182 332 0 3168 352 222 0 1 0 222 0 1 0 222 0 1 0 222 0 1 0 222 0 1 0 222 0 1 0 222 0 1 0 222 0 1 0 222 0 1 0 222 0 1 0 222 0 1 0 222 0 1 0 222 0 1 0 222 0 1 0 222 0 1 0 222 0 1 0 222 0 1 0 222 0 1 0 222 0 1 0 222 0 1 0 222 0 1 0 222 0 1 0 222 0 1 0 222 0 1 0 222 0 1 0 222 0 1 0 222 0 1 0 222 0 2142 238 222 0 1 0 222 0 1 0 222 0 1 0 222 0 1 0
0 14070 1561 30 75 0 684 76 110 0 702 78 238 0 1134 126 432 0 1287 143 167 0 1404 156 450 0 1890 210 368 0 1260 140 354 0 1 0 354 0 4770 530 568 0 1 0 568 0 1 0 568 0 1 0 568 0 1 0 568 0 1 0 568 0 1 0 568 0 1 0 568 0 918 102 568 0 1 0 568 0 1 0 568 0 1 0 568 0 1 0 568 0 1 0 568 0 1 0 568 0 1 0 568 0 1 0 568 0 1 0 568 0 1 0 568 0 1 0 568 0 1 0 568 0 1 0
0 2907 320 29 18 0 2034 226 18 0 1 0 494 0 1 0 494 0 1 0 494 0 1 0 494 0 1 0 494 0 1 0 494 0 1 0 494 0 1 0 494 0 1 0 494 0 1 0 494 0 1 0 494 0 1 0 494 0 1 0 494 0 1 0 494 0 1 0 494 0 1 0 494 0 1 0 494 0 1 0 494 0 1 0 494 0 1 0 494 0 1 0 494 0 1 0 494 0 1 0 494 0 1 0 494 0 1 0 494 0 846 94 494 0 1 0 494 0 1 0
0 5828 645 27 152 0 1332 148 481 0 1800 200 346 0 1125 125 548 0 1 0 548 0 1 0 548 0 1 0 548 0 1 0 548 0 1 0 548 0 1 0 548 0 1 0 548 0 1 0 548 0 1 0 548 0 1 0 548 0 1 0 548 0 1 0 548 0 1 0 548 0 1 0 548 0 1548 172 548 0 1 0 548 0 1 0 548 0 1 0 548 0 1 0 548 0 1 0 548 0 1 0 548 0 1 0 548 0 1 0 548 0 1 0
0 10992 1219 29 600 0 1188 132 533 0 1089 121 515 0 900 100 227 0 882 98 16 0 2043 227 54 0 1314 146 463 0 1674 186 560 0 1 0 560 0 1 0 560 0 1 0 560 0 1 0 560 0 1 0 560 0 1 0 560 0 1 0 560 0 1 0 560 0 1 0 560 0 1 0 560 0 1 0 560 0 1 0 560 0 1881 209 560 0 1 0 560 0 1 0 560 0 1 0 560 0 1 0 560 0 1 0 560 0 1 0 560 0 1 0 560 0 1 0 560 0 1 0
2 9279 1029 26 144 0 1422 158 65 0 1566 174 172 0 936 104 464 0 1696 236 464 2 426 0 82 0 1 0 82 0 1 0 82 0 1 0 82 0 1 0 82 0 1 0 82 0 1 0 82 0 3213 357 82 0 1 0 82 0 1 0 82 0 1 0 82 0 1 0 82 0 1 0 82 0 1 0 82 0 1 0 82 0 1 0 82 0 1 0 82 0 1 0 82 0 1 0 82 0 1 0 82 0 1 0 82 0 1 0
0 9330 1034 29 447 0 2394 266 492 0 2277 253 26 0 1575 175 472 0 1377 153 193 0 1 0 193 0 1 0 193 0 1 0 193 0 1 0 193 0 1 0 193 0 1 0 193 0 1 0 193 0 1 0 193 0 1 0 193 0 1 0 193 0 1683 187 193 0 1 0 193 0 1 0 193 0 1 0 193 0 1 0 193 0 1 0 193 0 1 0 193 0 1 0 193 0 1 0 193 0 1 0 193 0 1 0 193 0 1 0 193 0 1 0 193 0 1 0 193 0 1 0
-1
16 0
-1
17 6
0 5691 630 25 393 0 648 72 520 0 2988 332 52 0 1368 152 505 0 1 0 505 0 1 0 505 0 1 0 505 0 1 0 505 0 1 0 505 0 1 0 505 0 1 0 505 0 1 0 505 0 1 0 505 0 1 0 505 0 1 0 505 0 1 0 505 0 1 0 505 0 1 0 505 0 1 0 505 0 1 0 505 0 1 0 505 0 1 0 505 0 1 0 505 0 1 0 505 0 666 74 505 0 1 0
9 16057 1588 26 462 0 1 0 462 9 2827 0 462 0 1 0 151 0 3204 356 597 0 783 87 251 0 1485 165 500 0 3636 404 232 0 2673 297 209 0 1 0 209 0 1 0 209 0 1 0 209 0 1 0 209 0 1 0 209 0 1 0 209 0 1 0 209 0 1 0 209 0 1 0 209 0 1 0 209 0 1430 279 209 0 1 0 209 0 1 0 209 0 1 0 209 0 1 0 209 0 1 0 209 0 1 0 209 0 1 0
2 13954 1547 37 387 2 6330 1 387 0 58 709 581 0 1 0 581 0 6201 689 581 0 1 0 511 0 1 0 511 0 1 0 511 0 1 0 511 0 1 0 511 0 1 0 511 0 1 0 511 0 1 0 511 0 1 0 511 0 1 0 511 0 1 0 511 0 1 0 511 0 1332 148 511 0 1 0 511 0 1 0 511 0 1 0 511 0 1 0 511 0 1 0 511 0 1 0 511 0 1 0 511 0 1 0 511 0 1 0 511 0 1 0 511 0 1 0 511 0 1 0 511 0 1 0 511 0 1 0 511 0 1 0 511 0 1 0 511 0 1 0 511 0 1 0 511 0 1 0 511 0 1 0
1 7883 873 34 442 0 1422 158 275 0 1521 169 78 0 1080 120 29 0 540 60 578 0 67 288 578 0 1 0 578 0 1 0 578 0 1 0 578 0 1 0 578 0 1 0 578 0 1 0 578 0 1 0 578 0 1 0 578 0 1 0 578 0 1 0 578 0 1 0 578 0 1 0 578 0 1 0 578 0 1 0 578 0 1 0 578 0 1 0 578 0 1 0 578 0 1 0 578 0 1 0 578 0 0 78 578 0 1 0 578 0 1 0 578 0 1 0 578 0 1 0 578 0 1 0 578 1 3226 0 578 0 1 0 578 0 1 0 578 0 1 0
0 12298 1364 30 376 0 1665 185 121 0 1260 140 323 0 1 0 323 0 549 61 63 0 747 83 404 0 3735 415 250 0 1863 207 250 0 1 0 551 0 819 91 225 0 1 0 225 0 1 0 225 0 1 0 225 0 1 0 225 0 1 0 225 0 1 0 225 0 1 0 225 0 1 0 225 0 1 0 225 0 1 0 225 0 1 0 225 0 1 0 225 0 1 0 225 0 1 0 225 0 1 0 225 0 1 0 225 0 1638 182 225 0 1 0 225 0 1 0 225 0 1 0 225 0 1 0
0 10392 1152 30 534 0 1449 161 572 0 450 50 42 0 2007 223 85 0 1602 178 577 0 1 0 577 0 1 0 577 0 1 0 577 0 1 0 577 0 1 0 577 0 1 0 577 0 1 0 577 0 1 0 577 0 1 0 577 0 1 0 577 0 1 0 577 0 1 0 577 0 1 0 577 0 1 0 577 0 1 0 577 0 1 0 577 0 2430 270 577 0 1 0 577 0 2430 270 577 0 1 0 577 0 1 0 577 0 1 0 577 0 1 0 577 0 1 0 577 0 1 0 577 0 1 0
-1
18 7
0 7878 873 27 262 0 1899 211 405 0 1233 137 403 0 765 85 97 0 2439 271 522 0 954 106 88 0 1 0 88 0 1 0 88 0 1 0 88 0 1 0 88 0 1 0 88 0 567 63 88 0 1 0 88 0 1 0 88 0 1 0 88 0 1 0 88 0 1 0 88 0 1 0 88 0 1 0 88 0 1 0 88 0 1 0 88 0 1 0 88 0 1 0 88 0 1 0 88 0 1 0 88 0 1 0 88 0 1 0 88 0 1 0
0 10730 1190 25 25 0 3141 349 111 0 1476 164 583 0 2916 324 552 0 828 92 72 0 1 0 72 0 1 0 72 0 1 0 72 0 1 0 72 0 1 0 72 0 1 0 72 0 1 0 72 0 1 0 72 0 1 0 72 0 1 0 72 0 1 0 72 0 1 0 72 0 1 0 72 0 1 0 72 0 2349 261 72 0 1 0 72 0 1 0 72 0 1 0 72 0 1 0 72 0 1 0 72 0 1 0
0 7163 793 31 553 0 1557 173 239 0 1494 166 309 0 765 85 519 0 2007 223 228 0 1 0 228 0 1 0 228 0 1 0 228 0 1 0 228 0 1 0 228 0 1 0 228 0 1 0 228 0 1 0 228 0 1314 146 228 0 1 0 228 0 1 0 228 0 1 0 228 0 1 0 228 0 1 0 228 0 1 0 228 0 1 0 228 0 1 0 228 0 1 0 228 0 1 0 228 0 1 0 228 0 1 0 228 0 1 0 228 0 1 0 228 0 1 0 228 0 1 0 228 0 1 0 228 0 1 0
0 5319 588 30 118 0 3042 338 443 0 1611 179 399 0 1 0 399 0 1 0 399 0 1 0 399 0 1 0 399 0 1 0 399 0 1 0 399 0 1 0 399 0 1 0 399 0 1 0 399 0 1 0 399 0 1 0 399 0 1 0 399 0 1 0 399 0 1 0 399 0 1 0 399 0 1 0 399 0 1 0 399 0 639 71 399 0 1 0 399 0 1 0 399 0 1 0 399 0 1 0 399 0 1 0 399 0 1 0 399 0 1 0 399 0 1 0 399 0 1 0 399 0 1 0
0 4820 533 26 549 0 2979 331 83 0 900 100 514 0 1 0 514 0 1 0 514 0 1 0 514 0 1 0 514 0 1 0 514 0 1 0 514 0 1 0 514 0 918 102 514 0 1 0 514 0 1 0 514 0 1 0 514 0 1 0 514 0 1 0 514 0 1 0 514 0 1 0 514 0 1 0 514 0 1 0 514 0 1 0 514 0 1 0 514 0 1 0 514 0 1 0 514 0 1 0 514 0 1 0 514 0 1 0
0 6121 678 22 518 0 1899 211 386 0 1044 116 148 0 1 0 148 0 1 0 148 0 3159 351 148 0 1 0 148 0 1 0 148 0 1 0 148 0 1 0 148 0 1 0 148 0 1 0 148 0 1 0 148 0 1 0 148 0 1 0 148 0 1 0 148 0 1 0 148 0 1 0 148 0 1 0 148 0 1 0 148 0 1 0 148 0 1 0 148 0 1 0
0 2706 298 27 76 0 630 70 476 0 819 91 448 0 1 0 448 0 1 0 448 0 1 0 448 0 1 0 448 0 1 0 448 0 1 0 448 0 1 0 448 0 1 0 448 0 1 0 448 0 1 0 448 0 1 0 448 0 1 0 448 0 1 0 448 0 1 0 448 0 1 0 448 0 1 0 448 0 1 0 448 0 1 0 448 0 1 0 448 0 1 0 448 0 1 0 448 0 1 0 448 0 1 0 448 0 1233 137 448 0 1 0
-1
19 0
-1
20 5
9 9154 1014 43 584 0 1206 134 80 0 1503 167 564 0 720 80 493 0 1646 201 493 9 163 1 313 0 1 0 313 0 1 0 313 0 1 0 313 0 1 0 313 0 1 0 313 0 1 0 313 0 1 0 313 0 1 0 313 0 1 0 313 0 1 0 313 0 1 0 313 0 1 0 313 0 1 0 313 0 1 0 313 0 1 0 313 0 1 0 313 0 1 0 313 0 1 0 313 0 1 0 313 0 1 0 313 0 1 0 313 0 1 0 313 0 1 0 313 0 3879 431 313 0 1 0 313 0 1 0 313 0 1 0 313 0 1 0 313 0 1 0 313 0 1 0 313 0 1 0 313 0 1 0 313 0 1 0 313 0 1 0 313 0 1 0 313 0 1 0 313 0 1 0 313 0 1 0
3 5943 658 30 573 3 949 1 573 0 362 145 408 0 1314 146 267 0 837 93 539 0 1179 131 334 0 1 0 334 0 1 0 334 0 1 0 334 0 1278 142 334 0 1 0 334 0 1 0 334 0 1 0 334 0 1 0 334 0 1 0 334 0 1 0 334 0 1 0 334 0 1 0 334 0 1 0 334 0 1 0 334 0 1 0 334 0 1 0 334 0 1 0 334 0 1 0 334 0 1 0 334 0 1 0 334 0 1 0 334 0 1 0 334 0 1 0 334 0 1 0 334 0 1 0
0 8928 1146 33 423 0 6300 700 506 0 1116 124 377 0 450 50 521 0 1 0 521 0 1 0 521 0 1 0 521 0 1 0 521 0 1 0 521 0 1 0 521 0 1 0 521 0 1 0 521 0 1033 272 521 0 1 0 521 0 1 0 521 0 1 0 521 0 1 0 521 0 1 0 521 0 1 0 521 0 1 0 521 0 1 0 521 0 1 0 521 0 1 0 521 0 1 0 521 0 1 0 521 0 1 0 521 0 1 0 521 0 1 0 521 0 1 0 521 0 1 0 521 0 1 0 521 0 1 0 521 0 1 0 521 0 1 0
0 9082 1006 33 155 0 621 69 410 0 1197 133 355 0 1530 170 396 0 3303 367 319 0 1 0 319 0 1 0 319 0 1 0 319 0 1 0 319 0 1 0 319 0 1 0 319 0 1 0 319 0 1 0 319 0 1 0 319 0 1 0 319 0 1 0 319 0 1 0 319 0 1 0 319 0 1 0 319 0 1 0 319 0 1 0 319 0 1 0 319 0 1 0 319 0 1 0 319 0 1 0 319 0 1 0 319 0 1 0 319 0 1 0 319 0 1 0 319 0 2403 267 319 0 1 0 319 0 1 0 319 0 1 0 319 0 1 0
0 8195 906 46 138 0 576 64 324 0 450 50 247 0 4518 502 129 0 1368 152 67 0 1 0 67 0 1 0 67 0 1 0 67 0 1 0 67 0 1242 138 67 0 1 0 67 0 1 0 67 0 1 0 67 0 1 0 67 0 1 0 67 0 1 0 67 0 1 0 67 0 1 0 67 0 1 0 67 0 1 0 67 0 1 0 67 0 1 0 67 0 1 0 67 0 1 0 67 0 1 0 67 0 1 0 67 0 1 0 67 0 1 0 67 0 1 0 67 0 1 0 67 0 1 0 67 0 1 0 67 0 1 0 67 0 1 0 67 0 1 0 67 0 1 0 67 0 1 0 67 0 1 0 67 0 1 0 67 0 1 0 67 0 1 0 67 0 1 0 67 0 1 0 67 0 1 0 67 0 1 0 67 0 1 0 67 0 1 0
-1
21 2
6 8195 1888 34 468 0 271 478 316 0 477 53 544 0 900 100 364 0 1644 1189 120 0 603 67 224 0 1 0 224 0 1 0 224 0 1 0 224 0 1 0 224 0 1 0 224 0 1 0 224 0 1 0 224 0 1 0 224 0 1 0 224 0 1 0 224 0 1 0 224 0 1 0 224 0 1 0 224 0 1 0 224 0 1 0 224 0 1 0 224 0 1 0 224 0 1 0 224 6 4272 1 224 0 1 0 224 0 1 0 224 0 1 0 224 0 1 0 224 0 1 0 224 0 1 0 224 0 1 0 224 0 1 0 224 0 1 0 224 0 1 0
0 4974 545 73 563 0 792 88 397 0 756 84 397 0 1 0 27 0 2439 271 158 0 1 0 158 0 1 0 158 0 1 0 158 0 1 0 158 0 1 0 158 0 1 0 158 0 1 0 158 0 1 0 158 0 1 0 158 0 1 0 158 0 1 0 158 0 1 0 158 0 1 0 158 0 1 0 158 0 1 0 158 0 1 0 158 0 1 0 158 0 918 102 158 0 1 0 158 0 1 0 158 0 1 0 158 0 1 0 158 0 1 0 158 0 1 0 158 0 1 0 158 0 1 0 158 0 1 0 158 0 1 0 158 0 1 0 158 0 1 0 158 0 1 0 158 0 1 0 158 0 1 0 158 0 1 0 158 0 1 0 158 0 1 0 158 0 1 0 158 0 1 0 158 0 1 0 158 0 1 0 158 0 1 0 158 0 1 0 158 0 1 0 158 0 1 0 158 0 1 0 158 0 1 0 158 0 1 0 158 0 1 0 158 0 1 0 158 0 1 0 158 0 1 0 158 0 1 0 158 0 1 0 158 0 1 0 158 0 1 0 158 0 1 0 158 0 1 0 158 0 1 0 158 0 1 0 158 0 1 0 158 0 1 0 158 0 1 0 158 0 1 0 158 0 1 0 158 0 1 0 158 0 1 0 158 0 1 0 158 0 1 0 158 0 1 0
-1
22 1
0 6653 870 143 213 0 520 204 105 0 2106 234 385 0 1512 168 136 0 1 0 136 0 1 0 136 0 1 0 136 0 1 0 136 0 1 0 136 0 1 0 136 0 1 0 136 0 1 0 136 0 1 0 136 0 1 0 136 0 1 0 136 0 1 0 136 0 1 0 136 0 1 0 136 0 1 0 136 0 1 0 136 0 1 0 136 0 1 0 136 0 1 0 136 0 1 0 136 0 1 0 136 0 1 0 136 0 1 0 136 0 1 0 136 0 1 0 136 0 1 0 136 0 1 0 136 0 1 0 136 0 1 0 136 0 1 0 136 0 1 0 136 0 1 0 136 0 1 0 136 0 1 0 136 0 1 0 136 0 1 0 136 0 1 0 136 0 1 0 136 0 1 0 136 0 1 0 136 0 1 0 136 0 1 0 136 0 1 0 136 0 1 0 136 0 1 0 136 0 1 0 136 0 1 0 136 0 1 0 136 0 1 0 136 0 1 0 136 0 1 0 136 0 1 0 136 0 1 0 136 0 1 0 136 0 1 0 136 0 1 0 136 0 1 0 136 0 1 0 136 0 1 0 136 0 1 0 136 0 1 0 136 0 2376 264 136 0 1 0 136 0 1 0 136 0 1 0 136 0 1 0 136 0 1 0 136 0 1 0 136 0 1 0 136 0 1 0 136 0 1 0 136 0 1 0 136 0 1 0 136 0 1 0 136 0 1 0 136 0 1 0 136 0 1 0 136 0 1 0 136 0 1 0 136 0 1 0 136 0 1 0 136 0 1 0 136 0 1 0 136 0 1 0 136 0 1 0 136 0 1 0 136 0 1 0 136 0 1 0 136 0 1 0 136 0 1 0 136 0 1 0 136 0 1 0 136 0 1 0 136 0 1 0 136 0 1 0 136 0 1 0 136 0 1 0 136 0 1 0 136 0 1 0 136 0 1 0 136 0 1 0 136 0 1 0 136 0 1 0 136 0 1 0 136 0 1 0 136 0 1 0 136 0 1 0 136 0 1 0 136 0 1 0 136 0 1 0 136 0 1 0 136 0 1 0 136 0 1 0 136 0 1 0 136 0 1 0 136 0 1 0 136 0 1 0 136 0 1 0 136 0 1 0 136 0 1 0 136 0 1 0 136 0 1 0 136 0 1 0 136 0 1 0 136 0 1 0 136 0 1 0 136 0 1 0 136 0 1 0 136 0 1 0 136 0 1 0 136 0 1 0 136 0 1 0 136 0 1 0 136 0 1 0 136 0 1 0 136 0 1 0 136 0 1 0 136 0 1 0 136 0 1 0 136 0 1 0
-1
23 1
0 8829 965 145 235 0 1 0 235 0 1 0 235 0 1 0 235 0 1 0 235 0 1 0 235 0 1 0 235 0 1 0 235 0 1 0 235 0 1 0 235 0 1 0 235 0 1 0 235 0 1 0 235 0 1 0 235 0 1 0 235 0 1 0 235 0 1 0 235 0 1 0 235 0 1 0 235 0 1 0 235 0 1 0 235 0 1 0 235 0 1 0 235 0 1 0 235 0 1 0 235 0 1 0 235 0 1 0 235 0 1 0 235 0 1 0 235 0 1 0 235 0 1 0 235 0 1 0 235 0 1 0 235 0 1 0 235 0 1 0 235 0 1 0 235 0 1 0 235 0 1 0 235 0 1 0 235 0 1 0 235 0 1 0 235 0 1 0 235 0 1 0 235 0 1 0 235 0 1 0 235 0 1 0 235 0 1 0 235 0 1 0 235 0 1 0 235 0 1 0 235 0 1 0 235 0 1 0 235 0 1 0 235 0 1 0 235 0 1 0 235 0 1 0 235 0 1 0 235 0 1 0 235 0 1 0 235 0 1 0 235 0 1 0 235 0 1 0 235 0 1 0 235 0 1 0 235 0 1 0 235 0 1 0 235 0 1 0 235 0 1 0 235 0 1 0 235 0 1 0 235 0 1 0 235 0 1 0 235 0 1 0 235 0 1 0 235 0 1 0 235 0 1 0 235 0 1 0 235 0 1 0 235 0 1 0 235 0 1 0 235 0 1 0 235 0 1 0 235 0 1 0 235 0 1 0 235 0 1 0 235 0 1 0 235 0 1 0 235 0 1 0 235 0 1 0 235 0 1 0 235 0 1 0 235 0 1 0 235 0 1 0 235 0 1 0 235 0 1 0 235 0 1 0 235 0 1 0 235 0 1 0 235 0 8685 965 235 0 1 0 235 0 1 0 235 0 1 0 235 0 1 0 235 0 1 0 235 0 1 0 235 0 1 0 235 0 1 0 235 0 1 0 235 0 1 0 235 0 1 0 235 0 1 0 235 0 1 0 235 0 1 0 235 0 1 0 235 0 1 0 235 0 1 0 235 0 1 0 235 0 1 0 235 0 1 0 235 0 1 0 235 0 1 0 235 0 1 0 235 0 1 0 235 0 1 0 235 0 1 0 235 0 1 0 235 0 1 0 235 0 1 0 235 0 1 0 235 0 1 0 235 0 1 0 235 0 1 0 235 0 1 0 235 0 1 0 235 0 1 0 235 0 1 0 235 0 1 0 235 0 1 0 235 0 1 0 235 0 1 0 235 0 1 0 235 0 1 0 235 0 1 0 235 0 1 0 235 0 1 0 235 0 1 0
-1
24 1
2 9015 1013 8 318 0 2268 252 159 0 3537 393 398 0 873 97 197 0 334 49 197 2 114 1 488 0 1 0 488 0 1887 221 488 0 1 0
-1
25 1
0 8610 942 135 117 0 2880 320 117 0 2880 320 329 0 1 0 329 0 1 0 329 0 1 0 329 0 1 0 329 0 1 0 329 0 1 0 329 0 1 0 329 0 1 0 329 0 1 0 329 0 1 0 329 0 1 0 329 0 1 0 329 0 1 0 329 0 1 0 329 0 1 0 329 0 1 0 329 0 1 0 329 0 1 0 329 0 1 0 329 0 2718 302 329 0 1 0 329 0 1 0 329 0 1 0 329 0 1 0 329 0 1 0 329 0 1 0 329 0 1 0 329 0 1 0 329 0 1 0 329 0 1 0 329 0 1 0 329 0 1 0 329 0 1 0 329 0 1 0 329 0 1 0 329 0 1 0 329 0 1 0 329 0 1 0 329 0 1 0 329 0 1 0 329 0 1 0 329 0 1 0 329 0 1 0 329 0 1 0 329 0 1 0 329 0 1 0 329 0 1 0 329 0 1 0 329 0 1 0 329 0 1 0 329 0 1 0 329 0 1 0 329 0 1 0 329 0 1 0 329 0 1 0 329 0 1 0 329 0 1 0 329 0 1 0 329 0 1 0 329 0 1 0 329 0 1 0 329 0 1 0 329 0 1 0 329 0 1 0 329 0 1 0 329 0 1 0 329 0 1 0 329 0 1 0 329 0 1 0 329 0 1 0 329 0 1 0 329 0 1 0 329 0 1 0 329 0 1 0 329 0 1 0 329 0 1 0 329 0 1 0 329 0 1 0 329 0 1 0 329 0 1 0 329 0 1 0 329 0 1 0 329 0 1 0 329 0 1 0 329 0 1 0 329 0 1 0 329 0 1 0 329 0 1 0 329 0 1 0 329 0 1 0 329 0 1 0 329 0 1 0 329 0 1 0 329 0 1 0 329 0 1 0 329 0 1 0 329 0 1 0 329 0 1 0 329 0 1 0 329 0 1 0 329 0 1 0 329 0 1 0 329 0 1 0 329 0 1 0 329 0 1 0 329 0 1 0 329 0 1 0 329 0 1 0 329 0 1 0 329 0 1 0 329 0 1 0 329 0 1 0 329 0 1 0 329 0 1 0 329 0 1 0 329 0 1 0 329 0 1 0 329 0 1 0 329 0 1 0 329 0 1 0 329 0 1 0 329 0 1 0 329 0 1 0 329 0 1 0 329 0 1 0 329 0 1 0 329 0 1 0 329 0 1 0 329 0 1 0 329 0 1 0 329 0 1 0 329 0 1 0 329 0 1 0
-1
26 4
0 11630 1288 46 242 0 540 60 336 0 1386 154 356 0 1665 185 517 0 1485 165 347 0 999 111 101 0 2097 233 162 0 666 74 491 0 1 0 491 0 1 0 491 0 1 0 491 0 1 0 491 0 1 0 491 0 1 0 491 0 1 0 491 0 1 0 491 0 1 0 491 0 1 0 491 0 1 0 491 0 1 0 491 0 1 0 491 0 1 0 491 0 1 0 491 0 1 0 491 0 1 0 491 0 1 0 491 0 1 0 491 0 1 0 491 0 1 0 491 0 1 0 491 0 1 0 491 0 2754 306 491 0 1 0 491 0 1 0 491 0 1 0 491 0 1 0 491 0 1 0 491 0 1 0 491 0 1 0 491 0 1 0 491 0 1 0 491 0 1 0 491 0 1 0 491 0 1 0 491 0 1 0 491 0 1 0 491 0 1 0
0 12922 1431 48 428 0 4734 526 102 0 1 0 102 0 4464 496 258 0 450 50 258 0 1 0 131 0 1899 211 104 0 1 0 104 0 1 0 104 0 1 0 104 0 1 0 104 0 1 0 104 0 1 0 104 0 1 0 104 0 1 0 104 0 1 0 104 0 1 0 104 0 1 0 104 0 1 0 104 0 1 0 104 0 1 0 104 0 1332 148 104 0 1 0 104 0 1 0 104 0 1 0 104 0 1 0 104 0 1 0 104 0 1 0 104 0 1 0 104 0 1 0 104 0 1 0 104 0 1 0 104 0 1 0 104 0 1 0 104 0 1 0 104 0 1 0 104 0 1 0 104 0 1 0 104 0 1 0 104 0 1 0 104 0 1 0 104 0 1 0 104 0 1 0 104 0 1 0 104 0 1 0 104 0 1 0 104 0 1 0 104 0 1 0 104 0 1 0
0 9289 1027 51 11 0 450 50 32 0 666 74 33 0 1818 202 33 0 1 0 1 0 5796 644 333 0 513 57 333 0 1 0 333 0 1 0 333 0 1 0 333 0 1 0 333 0 1 0 333 0 1 0 333 0 1 0 333 0 1 0 333 0 1 0 333 0 1 0 333 0 1 0 333 0 1 0 333 0 1 0 333 0 1 0 333 0 1 0 333 0 1 0 333 0 1 0 333 0 1 0 333 0 1 0 333 0 1 0 333 0 1 0 333 0 1 0 333 0 1 0 333 0 1 0 333 0 1 0 333 0 1 0 333 0 1 0 333 0 1 0 333 0 1 0 333 0 1 0 333 0 1 0 333 0 1 0 333 0 1 0 333 0 1 0 333 0 1 0 333 0 1 0 333 0 1 0 333 0 1 0 333 0 1 0 333 0 1 0 333 0 1 0 333 0 1 0 333 0 1 0 333 0 1 0 333 0 1 0
0 12067 1337 39 433 0 3402 378 229 0 2088 232 300 0 2511 279 164 0 3213 357 86 0 1 0 86 0 1 0 86 0 1 0 86 0 1 0 86 0 1 0 86 0 1 0 86 0 1 0 86 0 1 0 86 0 1 0 86 0 1 0 86 0 1 0 86 0 1 0 86 0 1 0 86 0 1 0 86 0 1 0 86 0 1 0 86 0 1 0 86 0 1 0 86 0 819 91 86 0 1 0 86 0 1 0 86 0 1 0 86 0 1 0 86 0 1 0 86 0 1 0 86 0 1 0 86 0 1 0 86 0 1 0 86 0 1 0 86 0 1 0 86 0 1 0 86 0 1 0 86 0 1 0 86 0 1 0 86 0 1 0
-1
27 0
-1
28 5
0 11633 1391 29 351 0 1350 150 473 0 720 80 473 0 1 0 135 0 594 66 296 0 685 177 412 0 2754 306 474 0 1728 192 308 0 1 0 308 0 1 0 308 0 1 0 308 0 1 0 308 0 1 0 308 0 1 0 308 0 1 0 308 0 1 0 308 0 1 0 308 0 1 0 308 0 1 0 308 0 3780 420 308 0 1 0 308 0 1 0 308 0 1 0 308 0 1 0 308 0 1 0 308 0 1 0 308 0 1 0 308 0 1 0 308 0 1 0 308 0 1 0
0 6185 684 34 528 0 522 58 302 0 1278 142 503 0 1125 125 369 0 2349 261 321 0 1 0 321 0 1 0 321 0 1 0 321 0 1 0 321 0 1 0 321 0 1 0 321 0 1 0 321 0 1 0 321 0 1 0 321 0 1 0 321 0 1 0 321 0 1 0 321 0 1 0 321 0 1 0 321 0 1 0 321 0 1 0 321 0 1 0 321 0 1 0 321 0 1 0 321 0 1 0 321 0 1 0 321 0 1 0 321 0 1 0 321 0 1 0 321 0 882 98 321 0 1 0 321 0 1 0 321 0 1 0 321 0 1 0 321 0 1 0
0 7773 939 44 130 0 1197 133 362 0 958 186 297 0 837 93 348 0 1 0 348 0 1 0 348 0 1062 118 207 0 1431 159 557 0 1 0 557 0 1 0 557 0 1 0 557 0 1 0 557 0 1 0 557 0 1 0 557 0 1 0 557 0 1 0 557 0 1 0 557 0 1 0 557 0 1 0 557 0 1 0 557 0 1 0 557 0 1 0 557 0 1 0 557 0 1 0 557 0 1 0 557 0 1 0 557 0 1 0 557 0 1 0 557 0 1 0 557 0 1 0 557 0 1 0 557 0 1 0 557 0 1 0 557 0 1 0 557 0 1 0 557 0 1 0 557 0 1 0 557 0 1 0 557 0 1 0 557 0 1 0 557 0 1 0 557 0 1 0 557 0 2250 250 557 0 1 0 557 0 1 0
0 3763 415 32 449 0 594 66 230 0 918 102 96 0 1 0 96 0 1269 141 142 0 1 0 142 0 1 0 142 0 1 0 142 0 1 0 142 0 1 0 142 0 1 0 142 0 1 0 142 0 1 0 142 0 1 0 142 0 1 0 142 0 1 0 142 0 1 0 142 0 1 0 142 0 954 106 142 0 1 0 142 0 1 0 142 0 1 0 142 0 1 0 142 0 1 0 142 0 1 0 142 0 1 0 142 0 1 0 142 0 1 0 142 0 1 0 142 0 1 0 142 0 1 0 142 0 1 0 142 0 1 0
5 9989 1006 40 523 0 720 80 58 0 711 79 358 0 1053 117 475 0 1926 214 9 0 2025 225 415 0 1107 123 589 0 1512 168 296 0 1 0 296 0 1 0 296 0 1 0 296 0 1 0 296 0 1 0 296 0 1 0 296 0 1 0 296 0 1 0 296 5 903 0 296 0 1 0 296 0 1 0 296 0 1 0 296 0 1 0 296 0 1 0 296 0 1 0 296 0 1 0 296 0 1 0 296 0 1 0 296 0 1 0 296 0 1 0 296 0 1 0 296 0 1 0 296 0 1 0 296 0 1 0 296 0 1 0 296 0 1 0 296 0 1 0 296 0 1 0 296 0 1 0 296 0 1 0 296 0 1 0 296 0 1 0 296 0 1 0
-1
