1 131
2 30710 3177 3 706 0 13392 1488 1025 0 15201 1689 452 2 2117 0
0 30742 2887 3 924 0 16155 1795 452 0 7700 1091 571 0 6887 1
3 30860 1794 2 1075 0 16146 1794 937 3 14714 0
0 30771 2621 2 325 0 15579 1731 122 0 15192 890
0 30721 3081 3 152 0 13788 1532 629 0 13941 1549 765 0 2992 0
3 30839 1988 2 491 0 17883 1987 72 3 12956 1
2 30801 2340 3 445 0 8739 971 475 0 12303 1367 1188 2 9759 2
0 30725 3044 3 3 0 13680 1520 666 0 13698 1522 216 0 3347 2
1 30697 3299 3 392 0 15309 1701 786 0 14382 1598 552 1 1006 0
1 30866 1744 2 278 0 15687 1743 530 1 15179 1
2 30710 3177 4 483 0 7938 882 527 0 10233 1137 185 0 10422 1158 216 2 2117 0
0 30700 3274 4 36 0 8838 982 737 0 8055 895 575 0 12555 1395 937 0 1252 2
0 30768 2648 3 722 0 11970 1330 901 0 11862 1318 44 0 6936 0
0 30839 1995 2 1011 0 17955 1995 45 0 12884 0
2 30848 1907 2 669 0 17154 1906 1054 2 13694 1
0 30713 3154 3 339 0 10728 1192 1148 0 17649 1961 27 0 2336 1
1 30717 3115 4 305 0 8577 953 552 0 6940 883 977 0 11502 1278 127 1 3698 1
3 30863 1767 2 1027 0 15894 1766 1184 3 14969 1
0 30751 2805 3 140 0 14265 1585 143 0 10971 1219 360 0 5515 1
0 30693 3338 3 28 0 16938 1882 846 0 13104 1456 560 0 651 0
0 30715 3136 3 1042 0 17019 1891 710 0 11187 1243 560 0 2509 2
0 30850 1894 2 580 0 17046 1894 1125 0 13804 0
2 30859 1806 2 198 0 16245 1805 1065 2 14614 1
0 30722 3071 3 539 0 16146 1794 1005 0 11493 1277 991 0 3083 0
0 30766 2667 4 623 0 6336 704 414 0 8748 972 100 0 8901 989 1012 0 6781 2
2 30840 1981 2 1002 0 17829 1981 1119 2 13011 0
1 30770 2627 4 765 0 2471 607 798 0 9315 1035 494 0 8856 984 27 1 10128 1
0 30788 2464 3 150 0 12168 1352 79 0 9999 1111 948 0 8621 1
2 30745 2855 4 248 0 7659 851 581 0 9846 1094 49 0 8190 910 991 2 5050 0
3 30847 1914 2 498 0 17217 1913 1107 3 13630 1
1 30851 1882 2 587 0 16938 1882 1109 1 13913 0
0 30704 3237 3 727 0 14562 1618 648 0 14562 1618 1000 0 1580 1
2 30851 1880 2 831 0 16920 1880 32 2 13931 0
0 30850 1894 2 173 0 17028 1892 767 0 13822 2
2 30691 3352 3 654 0 15498 1722 676 0 14652 1628 355 2 541 2
2 30710 3177 3 754 0 15156 1684 46 0 13428 1492 427 2 2126 1
0 30717 3117 3 613 0 14157 1573 471 0 13608 1512 1065 0 2952 32
0 30724 3053 3 1017 0 14031 1559 546 0 13437 1493 427 0 3256 1
2 30779 2542 3 16 0 11808 1312 550 0 11070 1230 1062 2 7901 0
2 30861 1788 2 91 0 16092 1788 54 2 14769 0
2 30860 1797 2 41 0 16164 1796 938 2 14696 1
2 30705 3223 4 554 0 11034 1226 1000 0 8347 1102 797 0 8046 894 127 2 3278 1
1 30721 3078 3 1150 0 11565 1285 540 0 16137 1793 928 1 3019 0
1 30835 2029 3 1009 0 5013 557 729 0 13248 1472 214 1 12574 0
3 30700 3267 3 810 0 15534 1726 796 0 13860 1540 617 3 1306 1
1 30750 2811 3 672 0 13815 1535 1151 0 11484 1276 196 1 5451 0
0 30852 1875 2 130 0 16866 1874 117 0 13986 1
0 30851 1885 2 920 0 16965 1885 523 0 13886 0
2 30685 3407 4 204 0 13230 1470 712 0 11655 1295 71 0 5769 641 267 2 31 1
3 30844 1942 2 101 0 17478 1942 428 3 13366 0
1 30849 1901 2 945 0 17091 1899 843 1 13758 2
1 30688 3382 4 635 0 8334 926 317 0 9684 1076 419 0 12420 1380 45 1 250 0
3 30687 3386 3 112 0 14418 1602 490 0 16056 1784 44 3 213 0
2 30688 3379 4 852 0 8739 971 365 0 7029 781 849 0 14634 1626 937 2 286 1
0 30847 1921 2 912 0 17280 1920 579 0 13567 1
0 30807 2289 2 511 0 16920 1880 261 0 13887 409
2 30873 1677 2 206 0 15084 1676 1186 2 15789 1
0 30845 1940 2 258 0 17460 1940 350 0 13385 0
0 30690 3366 3 993 0 15804 1756 1053 0 14472 1608 928 0 414 2
3 30691 3349 3 469 0 14769 1641 638 0 15363 1707 227 3 559 1
0 30843 1958 2 39 0 17289 1921 1049 0 13554 37
0 30686 3403 3 759 0 15525 1725 75 0 15084 1676 45 0 77 2
0 30712 3163 3 131 0 15930 1770 1020 0 12537 1393 617 0 2245 0
0 30816 2207 2 961 0 16056 1784 569 0 14760 423
0 30848 1912 2 909 0 17208 1912 191 0 13640 0
3 30842 1960 2 630 0 17640 1960 1129 3 13202 0
1 30772 2609 3 533 0 12456 1384 555 0 11025 1225 170 1 7291 0
1 30846 1928 2 645 0 17343 1927 941 1 13503 1
0 30700 3274 3 969 0 16344 1816 1166 0 13104 1456 789 0 1252 2
1 30689 3373 3 1185 0 16794 1866 947 0 13554 1506 929 1 341 1
3 30711 3165 3 35 0 12285 1365 453 0 16200 1800 560 3 2226 0
2 30702 3251 3 422 0 11835 1315 1160 0 17415 1935 265 2 1452 1
2 30859 1806 2 176 0 16254 1806 867 2 14605 0
1 30853 1864 2 1044 0 16767 1863 521 1 14086 1
1 30868 1726 2 246 0 15516 1724 273 1 15352 2
0 30707 3209 4 230 0 8946 994 227 0 9689 1138 970 0 9693 1077 809 0 2379 0
0 30707 3209 3 757 0 14931 1659 642 0 13950 1550 1119 0 1826 0
1 30727 3023 5 929 0 5229 618 355 0 7881 934 724 0 5553 617 207 0 7677 853 267 1 4387 1
0 30866 1747 2 996 0 15705 1745 502 0 15161 2
1 30755 2765 3 936 0 12807 1423 872 0 12078 1342 285 1 5870 0
0 30717 3117 2 396 0 17829 1981 708 0 12888 1136
0 30686 3403 3 1074 0 15210 1690 87 0 15408 1712 1064 0 68 1
2 30693 3333 3 925 0 15642 1738 242 0 14355 1595 505 2 696 0
3 30865 1748 2 808 0 15732 1748 420 3 15133 0
1 30843 1956 2 467 0 17586 1954 507 1 13257 2
2 30691 3352 4 594 0 11106 1234 57 0 10188 1132 1048 0 8865 985 772 2 532 1
1 30854 1855 2 744 0 16686 1854 431 1 14168 1
3 30843 1951 2 195 0 17550 1950 976 3 13293 1
2 30691 3352 3 64 0 16614 1846 38 0 13536 1504 1184 2 541 2
3 30687 3386 3 30 0 16821 1869 61 0 13653 1517 772 3 213 0
2 30840 1981 2 686 0 17811 1979 1100 2 13029 2
0 30706 3219 3 731 0 14373 1597 1110 0 14580 1620 473 0 1753 2
1 30765 2673 3 123 0 12141 1349 1006 0 11916 1324 377 1 6708 0
1 30720 3087 4 1172 0 9450 1050 430 0 6660 740 1182 0 11673 1297 180 1 2937 0
0 30690 3366 2 871 0 16695 1855 631 0 13995 1511
3 30846 1923 2 599 0 17298 1922 753 3 13548 1
0 30686 3403 3 37 0 16056 1784 187 0 14571 1619 938 0 59 0
2 30739 2910 3 456 0 13320 1480 687 0 12861 1429 847 2 4558 1
0 30697 3301 3 334 0 16335 1815 608 0 13374 1486 1057 0 988 0
2 30750 2809 3 156 0 13104 1456 1078 0 12177 1353 858 2 5469 0
2 30841 1972 2 76 0 17739 1971 755 2 13102 1
0 30696 3311 3 590 0 15489 1721 121 0 14310 1590 507 0 897 0
0 30844 1949 2 319 0 17541 1949 211 0 13303 0
2 30842 1963 2 202 0 17658 1962 780 2 13184 1
2 30849 1898 2 190 0 17082 1898 1135 2 13767 0
0 30733 2970 3 164 0 14193 1577 236 0 12537 1393 531 0 4003 0
1 30769 2637 3 1088 0 12393 1377 129 0 11340 1260 1057 1 7036 0
0 30701 3265 3 29 0 16164 1796 735 0 13221 1469 1057 0 1316 0
2 30848 1907 2 288 0 17154 1906 383 2 13694 1
2 30860 1797 2 764 0 16173 1797 747 2 14687 0
0 30841 1977 2 1071 0 17784 1976 967 0 13057 1
3 30848 1905 2 658 0 17136 1904 488 3 13712 1
1 30778 2554 3 1170 0 11970 1330 1064 0 10948 1223 345 1 7860 1
1 30783 2508 4 772 0 5568 701 155 0 5031 559 811 0 11232 1248 33 1 8952 0
2 30865 1751 2 93 0 15759 1751 201 2 15106 0
1 30848 1910 2 833 0 17181 1909 141 1 13667 1
2 30702 3251 3 952 0 15120 1680 556 0 14121 1569 564 2 1461 2
2 30716 3122 4 1031 0 9747 1083 135 0 9864 1096 1113 0 8487 943 109 2 2618 0
1 30840 1983 2 1147 0 17838 1982 695 1 13002 1
2 30731 2984 3 752 0 12024 1336 125 0 14823 1647 5 2 3884 1
2 30843 1953 2 315 0 17577 1953 659 2 13266 0
3 30849 1896 2 774 0 17064 1896 1069 3 13785 0
0 30863 1774 2 891 0 15966 1774 743 0 14897 0
0 30731 2989 3 167 0 11862 1318 287 0 15021 1669 51 0 3848 2
2 30701 3260 3 1187 0 16056 1784 1131 0 13284 1476 867 2 1361 0
0 30762 2703 3 566 0 12699 1411 208 0 11619 1291 53 0 6444 1
0 30854 1857 2 749 0 16704 1856 235 0 14150 1
0 30688 3384 3 720 0 17892 1988 908 0 12555 1395 1062 0 241 1
1 30845 1937 2 1195 0 17424 1936 472 1 13421 1
3 30696 3303 5 614 0 4644 516 268 0 8559 951 576 0 7452 828 323 0 9063 1007 531 3 978 1
0 421 811 1 571 0 421 811
-1
2 72
1 30839 1993 2 745 0 17919 1991 4 1 12920 2
1 30694 3327 3 907 0 15327 1703 1041 0 14616 1624 612 1 751 0
2 30686 3398 3 289 0 16812 1868 269 0 13770 1530 958 2 104 0
0 30845 1940 2 568 0 17451 1939 22 0 13394 1
0 30869 1719 2 438 0 15471 1719 999 0 15398 0
1 30850 1891 2 1023 0 17019 1891 249 1 13831 0
0 30850 1894 2 773 0 17046 1894 506 0 13804 0
2 30766 2662 3 509 0 12384 1376 1126 0 11556 1284 725 2 6826 2
0 30757 2749 3 603 0 12744 1416 1038 0 11997 1333 394 0 6016 0
2 30740 2901 3 480 0 13581 1509 402 0 12519 1391 904 2 4640 1
2 30703 3241 3 260 0 14994 1666 1169 0 14166 1574 528 2 1543 1
1 30843 1956 2 618 0 17604 1956 103 1 13239 0
3 30839 1988 2 905 0 17892 1988 606 3 12947 0
0 30704 3237 3 616 0 13320 1480 253 0 15804 1756 564 0 1580 1
2 30867 1733 2 828 0 15597 1733 886 2 15270 0
2 30716 3122 3 88 0 15039 1671 369 0 13059 1451 6 2 2618 0
2 30770 2625 3 271 0 12690 1410 998 0 10935 1215 26 2 7145 0
3 30703 3239 3 405 0 16281 1809 348 0 12861 1429 501 3 1561 1
3 30847 1914 2 689 0 17226 1914 388 3 13621 0
2 30846 1926 2 85 0 17325 1925 841 2 13521 1
1 30841 1974 2 463 0 17757 1973 519 1 13084 1
1 30839 1993 2 778 0 17937 1993 1155 1 12902 0
2 30841 1972 2 709 0 17730 1970 1200 2 13111 2
1 30860 1799 2 953 0 16191 1799 17 1 14669 0
1 30699 3281 3 800 0 16857 1873 955 0 12672 1408 858 1 1170 0
1 30698 3290 4 417 0 9432 1048 1068 0 9783 1087 1032 0 10377 1153 32 1 1106 2
2 30792 2423 3 965 0 10188 1132 78 0 11619 1291 840 2 8985 0
0 30880 1618 2 756 0 14544 1616 1183 0 16336 2
1 30766 2664 4 788 0 7236 804 462 0 8388 932 583 0 8352 928 881 1 6790 0
3 30853 1859 2 671 0 16731 1859 553 3 14122 0
3 30691 3349 3 313 0 16695 1855 713 0 13437 1493 427 3 559 1
0 30861 1793 2 10 0 16128 1792 250 0 14733 1
2 30711 3168 3 915 0 12069 1341 518 0 16425 1825 1189 2 2217 2
2 30840 1981 2 880 0 17829 1981 860 2 13011 0
0 30690 3366 3 354 0 16695 1855 1159 0 13599 1511 845 0 396 0
2 30842 1963 2 451 0 17658 1962 142 2 13184 1
0 30768 2648 3 816 0 12366 1374 1090 0 11457 1273 443 0 6945 1
0 30863 1774 2 163 0 15966 1774 906 0 14897 0
3 30687 3386 3 84 0 16488 1832 548 0 13986 1554 162 3 213 0
0 30844 1949 2 883 0 17541 1949 286 0 13303 0
0 30688 3384 4 505 0 9085 1087 845 0 10071 1163 1181 0 10197 1133 44 0 1335 1
1 30846 1928 2 1055 0 17352 1928 318 1 13494 0
3 30693 3331 3 882 0 15876 1764 264 0 14094 1566 986 3 723 1
2 30860 1797 2 981 0 16173 1797 241 2 14687 0
2 30848 1907 2 544 0 17163 1907 900 2 13685 0
1 30857 1827 2 632 0 16443 1827 766 1 14414 0
3 30790 2439 3 557 0 10638 1182 651 0 11313 1257 1010 3 8839 0
0 30758 2740 3 827 0 12573 1397 1022 0 12078 1342 685 0 6107 1
0 30844 1949 2 178 0 17541 1949 1084 0 13303 0
2 30740 2901 4 790 0 8073 897 395 0 8784 976 701 0 9252 1028 664 2 4631 0
2 30692 3343 3 306 0 15264 1696 578 0 14814 1646 1012 2 614 1
0 30857 1829 2 910 0 16452 1828 111 0 14405 1
1 30736 2940 3 716 0 13284 1476 376 0 13176 1464 109 1 4276 0
3 30706 3211 4 154 0 9891 1099 182 0 9441 1049 942 0 9558 1062 196 3 1816 1
2 30847 1917 2 363 0 17253 1917 829 2 13594 0
2 30853 1861 2 34 0 16740 1860 378 2 14113 1
3 30773 2595 3 615 0 12069 1341 853 0 11277 1253 515 3 7427 1
0 30691 3357 3 622 0 16110 1790 525 0 14103 1567 5 0 478 0
2 30841 1972 2 855 0 17730 1970 1026 2 13111 2
1 30749 2821 3 387 0 12375 1375 940 0 12996 1444 718 1 5378 2
0 30726 3035 2 637 0 17613 1957 624 0 13113 1078
0 30690 3366 2 499 0 15687 1743 386 0 15003 1623
2 30862 1779 2 698 0 16011 1779 2 2 14851 0
3 30852 1868 2 1034 0 16803 1867 349 3 14049 1
0 30688 3384 3 145 0 15426 1714 923 0 15030 1670 802 0 232 0
0 30692 3347 4 804 0 8955 995 988 0 10629 1181 1175 0 10530 1170 44 0 578 1
0 30841 1977 2 572 0 17793 1977 812 0 13048 0
1 30700 3271 5 663 0 8667 963 873 0 8064 896 520 0 6363 707 986 0 5619 704 1109 1 1987 1
1 30729 3005 3 661 0 12087 1343 403 0 14949 1661 989 1 3693 1
2 30790 2441 3 693 0 10548 1172 218 0 11421 1269 487 2 8821 0
0 30780 2538 2 680 0 17820 1980 413 0 12960 558
0 19732 8518 7 110 0 6813 757 1107 0 3404 1892 1062 0 2863 1222 1012 0 2269 1071 530 0 2370 1949 216 0 2013 829 122 0 0 798
-1
3 64
0 30533 4810 4 937 0 879 1901 857 0 13086 1454 116 0 13095 1455 604 0 3473 0
3 30769 2632 3 660 0 11988 1332 205 0 11691 1299 538 3 7090 1
1 30849 1901 2 484 0 17091 1899 496 1 13758 2
3 30849 1896 2 247 0 17055 1895 189 3 13794 1
2 30863 1769 2 620 0 15921 1769 120 2 14942 0
2 30765 2671 3 627 0 12375 1375 81 0 11655 1295 822 2 6735 1
0 30839 1995 2 1067 0 17946 1994 728 0 12893 1
1 30699 3281 3 128 0 16398 1822 1047 0 13122 1458 521 1 1179 1
3 30689 3368 4 734 0 10755 1195 819 0 9234 1026 806 0 10314 1146 598 3 386 1
0 30780 2538 3 94 0 9369 1041 272 0 9846 1094 215 0 11565 403
0 30846 1931 2 551 0 17370 1930 292 0 13476 1
2 30704 3232 3 748 0 15831 1759 1161 0 13257 1473 358 2 1616 0
2 30678 3471 5 501 0 7562 1013 1066 0 6138 682 644 0 7767 863 105 0 8208 912 789 2 1003 1
1 30788 2462 3 739 0 10971 1219 465 0 11178 1242 681 1 8639 1
0 30751 2805 3 1117 0 12573 1397 1045 0 12654 1406 821 0 5524 2
3 30857 1822 2 818 0 16398 1822 20 3 14459 0
3 30838 1997 2 805 0 17964 1996 585 3 12874 1
2 30721 3076 4 302 0 9279 1031 700 0 9405 1045 439 0 8982 998 964 2 3055 2
1 30855 1845 2 974 0 16605 1845 885 1 14250 0
3 30753 2779 3 73 0 12357 1373 1082 0 12645 1405 879 3 5751 1
0 30846 1931 2 675 0 17370 1930 641 0 13476 1
3 30686 3395 3 649 0 16695 1855 124 0 13860 1540 210 3 131 0
1 30787 2471 3 370 0 11592 1288 723 0 10647 1183 985 1 8548 0
2 30721 3076 3 294 0 14445 1605 921 0 13221 1469 66 2 3055 2
0 30863 1774 2 144 0 15957 1773 1146 0 14906 1
1 30839 1993 2 522 0 17928 1992 244 1 12911 1
0 30693 3338 5 1004 0 6642 738 299 0 6102 678 157 0 10386 1154 939 0 6912 768 109 0 651 0
0 30807 2289 2 212 0 17721 1969 56 0 13086 320
2 30753 2781 3 1198 0 12600 1400 911 0 12420 1380 263 2 5733 1
3 30746 2843 3 1051 0 12474 1386 944 0 13104 1456 96 3 5168 1
1 30718 3106 3 213 0 15570 1730 914 0 12366 1374 975 1 2782 2
2 30843 1953 2 1063 0 17577 1953 461 2 13266 0
0 30807 2289 2 361 0 17181 1909 393 0 13626 380
0 30834 2041 2 18 0 16956 1884 175 0 13878 157
3 30746 2843 3 1077 0 13068 1452 995 0 12510 1390 70 3 5168 1
2 30841 1972 2 1061 0 17730 1970 411 2 13111 2
1 30846 1928 2 151 0 17343 1927 458 1 13503 1
3 30849 1896 2 692 0 17055 1895 460 3 13794 1
2 30859 1806 2 596 0 16254 1806 1104 2 14605 0
0 30848 1912 2 282 0 17199 1911 628 0 13649 1
0 30791 2437 3 876 0 11034 1226 153 0 10881 1209 736 0 8876 2
0 30840 1986 2 137 0 17856 1984 138 0 12984 2
0 30701 3265 4 291 0 11007 1223 493 0 9522 1058 848 0 8838 982 809 0 1334 2
3 30777 2558 3 183 0 11556 1284 436 0 11466 1274 696 3 7755 0
1 30853 1864 2 238 0 16776 1864 949 1 14077 0
0 30726 3035 2 67 0 17874 1986 310 0 12852 1049
3 30843 1951 2 1123 0 17550 1950 219 3 13293 1
1 30852 1873 2 478 0 16857 1873 588 1 13995 0
0 30778 2556 3 683 0 12447 1383 750 0 10557 1173 447 0 7774 0
0 30700 3274 3 274 0 15768 1752 758 0 13698 1522 118 0 1234 0
2 30847 1917 2 457 0 17235 1915 982 2 13612 2
2 30756 2754 3 126 0 12591 1399 597 0 12177 1353 1087 2 5988 2
2 30762 2699 3 913 0 11619 1291 835 0 12663 1407 66 2 6480 1
1 30694 3327 3 1153 0 14499 1611 1114 0 15426 1714 352 1 769 2
1 30844 1947 2 591 0 17505 1945 209 1 13339 2
1 30861 1790 2 356 0 16101 1789 919 1 14760 1
1 30759 2729 3 52 0 12114 1346 605 0 12447 1383 656 1 6198 0
2 30755 2763 3 844 0 12834 1426 633 0 12015 1335 690 2 5906 2
0 30797 2381 3 682 0 10971 1219 418 0 10458 1162 524 0 9368 0
1 30747 2839 3 448 0 12888 1432 563 0 12663 1407 877 1 5196 0
1 30775 2581 3 878 0 11943 1327 870 0 11277 1253 186 1 7555 1
0 30857 1829 2 399 0 16452 1828 481 0 14405 1
1 30779 2545 3 930 0 12033 1337 31 0 10872 1208 353 1 7874 0
0 1615 1262 1 1188 0 1615 1262
-1
4 56
1 30864 1763 2 160 0 15849 1761 468 1 15015 2
1 30699 3281 5 851 0 6444 716 384 0 5580 620 99 0 7614 846 90 0 9891 1099 239 1 1170 0
2 30689 3370 3 1008 0 16056 1784 1046 0 14274 1586 1087 2 359 0
1 30737 2931 3 601 0 13050 1450 80 0 13320 1480 595 1 4367 1
2 30787 2469 3 296 0 11718 1302 8 0 10503 1167 1081 2 8566 0
3 30842 1960 2 761 0 17640 1960 234 3 13202 0
3 30867 1730 2 476 0 15561 1729 240 3 15306 1
0 30712 3163 3 610 0 15102 1678 390 0 13365 1485 217 0 2245 0
1 30802 2333 3 7 0 10611 1179 381 0 10377 1153 1111 1 9814 1
1 30708 3198 3 279 0 14760 1640 1014 0 14013 1557 895 1 1935 1
2 30852 1871 2 503 0 16839 1871 1149 2 14013 0
2 30840 1981 2 705 0 17811 1979 1097 2 13029 2
0 30762 2703 2 935 0 15534 1726 86 0 15228 977
2 30843 1953 2 640 0 17568 1952 707 2 13275 1
1 30710 3179 5 482 0 7317 813 1030 0 5976 664 532 0 6291 699 329 0 9027 1003 180 1 2099 0
1 30742 2885 3 229 0 13122 1458 372 0 12843 1427 1137 1 4777 0
1 30772 2609 3 1029 0 12312 1368 732 0 11169 1241 223 1 7291 0
1 30793 2416 3 423 0 11007 1223 968 0 10728 1192 385 1 9058 1
2 30767 2653 3 373 0 11682 1298 1191 0 12195 1355 358 2 6890 0
0 30753 2786 2 1141 0 15921 1769 1145 0 14832 1017
0 30690 3366 3 146 0 10539 1171 179 0 9531 1059 875 0 10620 1136
1 30777 2563 3 257 0 12132 1348 817 0 10926 1214 59 1 7719 1
1 30852 1873 2 1139 0 16848 1872 760 1 14004 1
0 30701 3265 3 148 0 15507 1723 1158 0 13869 1541 442 0 1325 1
0 30740 2906 3 226 0 12987 1443 889 0 13149 1461 595 0 4604 2
1 30850 1891 2 927 0 17019 1891 917 1 13831 0
0 30846 1931 2 344 0 17370 1930 534 0 13476 1
1 30733 2968 3 455 0 14112 1568 1036 0 12591 1399 1122 1 4030 1
2 30705 3223 3 24 0 15228 1692 825 0 13770 1530 862 2 1707 1
2 30710 3177 3 276 0 15327 1703 158 0 13248 1472 435 2 2135 2
0 30725 3044 4 842 0 9936 1104 639 0 8937 993 1033 0 8523 947 558 0 3329 0
1 30842 1965 2 327 0 17685 1965 611 1 13157 0
1 30778 2554 3 704 0 12276 1364 1171 0 10701 1189 13 1 7801 1
1 30865 1753 2 931 0 15777 1753 366 1 15088 0
3 30688 3377 4 791 0 10764 1196 89 0 9801 1089 823 0 9828 1092 388 3 295 0
1 30843 1956 2 874 0 17595 1955 898 1 13248 1
2 30647 3757 5 904 0 6482 1235 992 0 6813 757 864 0 6966 774 916 0 8901 989 826 2 1485 2
3 30840 1978 2 1039 0 17802 1978 301 3 13038 0
0 30727 3025 4 293 0 9621 1069 592 0 8748 972 1179 0 8847 983 265 0 3511 1
2 30696 3306 3 694 0 15066 1674 584 0 14670 1630 487 2 960 2
2 30789 2450 3 416 0 11466 1274 1164 0 10584 1176 421 2 8739 0
0 30752 2795 3 972 0 12663 1407 58 0 12483 1387 326 0 5606 1
0 30750 2814 3 14 0 13131 1459 1168 0 12195 1355 621 0 5424 0
1 30847 1919 2 1076 0 17262 1918 787 1 13585 1
1 30767 2655 3 1162 0 12492 1388 894 0 11394 1266 647 1 6881 1
1 30748 2830 3 602 0 13338 1482 256 0 12114 1346 429 1 5296 2
3 30748 2825 5 783 0 6120 680 667 0 4689 521 677 0 4716 524 854 0 9891 1099 147 3 5332 1
1 30738 2922 3 536 0 13779 1531 541 0 12510 1390 368 1 4449 1
2 30760 2717 3 115 0 12969 1441 973 0 11484 1276 367 2 6307 0
3 30740 2899 3 1120 0 13113 1457 479 0 12969 1441 1021 3 4658 1
2 30777 2561 3 508 0 11907 1323 562 0 11133 1237 785 2 7737 1
0 30721 3081 4 92 0 8856 984 308 0 7227 803 1007 0 11646 1294 165 0 2992 0
1 30723 3060 4 717 0 9306 1034 574 0 9000 1000 316 0 9216 1024 1177 1 3201 2
1 30703 3244 5 1112 0 7767 863 674 0 7452 828 77 0 7002 778 1089 0 6975 775 245 1 1507 0
1 30793 2416 3 300 0 11484 1276 1018 0 10260 1140 619 1 9049 0
3 30724 3046 3 892 0 14571 1619 1040 0 12843 1427 564 3 3310 0
-1
5 54
2 30700 3269 5 162 0 6669 765 254 0 6876 764 6 0 6776 1044 347 0 6255 695 340 2 4124 1
1 30787 2471 3 295 0 10944 1216 1157 0 11295 1255 742 1 8548 0
2 30794 2404 3 74 0 11124 1236 997 0 10512 1168 62 2 9158 0
0 30756 2759 3 535 0 12825 1425 42 0 11988 1332 865 0 5943 2
2 30728 3011 4 404 0 9522 1058 863 0 8730 970 193 0 8847 983 830 2 3629 0
1 30783 2508 3 497 0 11484 1276 364 0 11079 1231 159 1 8220 1
1 30717 3115 4 375 0 10098 1122 233 0 9297 1033 136 0 8631 959 659 1 2691 1
3 30793 2411 3 1116 0 10908 1212 149 0 10791 1199 1144 3 9094 0
0 30852 1875 2 437 0 16650 1850 450 0 14202 25
3 30747 2834 3 397 0 13473 1497 1102 0 12033 1337 777 3 5241 0
2 30717 3113 3 1079 0 14625 1625 166 0 13392 1488 222 2 2700 0
0 30717 3117 4 529 0 9522 1058 449 0 8397 933 379 0 10134 1126 444 0 2664 0
1 30685 3409 4 779 0 8865 985 781 0 10575 1175 1133 0 11241 1249 543 1 4 0
3 30686 3395 4 1140 0 10161 1129 665 0 10629 1181 813 0 9756 1084 45 3 140 1
2 30761 2708 3 40 0 12888 1432 1152 0 11484 1276 281 2 6389 0
0 30736 2943 3 251 0 13275 1475 1037 0 13194 1466 495 0 4267 2
3 30685 3404 4 1192 0 11718 1302 971 0 11187 1243 678 0 7731 859 431 3 49 0
2 30700 3269 4 792 0 10188 1132 408 0 9846 1094 926 0 9387 1043 217 2 1279 0
2 30786 2478 3 526 0 11727 1303 107 0 10557 1173 102 2 8502 2
1 30747 2839 4 1083 0 8334 926 721 0 8019 891 897 0 9189 1021 433 1 5205 1
1 30771 2618 3 314 0 11763 1307 410 0 11790 1310 486 1 7218 1
3 30776 2567 3 47 0 12006 1334 850 0 11097 1233 252 3 7673 0
1 30697 3299 4 795 0 9954 1106 441 0 9423 1047 1050 0 10305 1145 340 1 1015 1
0 30856 1839 2 331 0 16533 1837 277 0 14323 2
1 30732 2977 3 492 0 13446 1494 994 0 13338 1482 210 1 3948 1
0 30681 3449 6 832 0 6363 707 771 0 6354 706 9 0 6192 688 598 0 5227 623 679 0 6525 725 33 0 20 0
0 30755 2768 3 284 0 12726 1414 504 0 12168 1352 298 0 5861 2
1 30688 3382 4 807 0 11160 1240 711 0 10089 1121 172 0 9180 1020 695 1 259 1
1 30730 2995 5 228 0 7038 782 1086 0 6102 678 232 0 5355 595 270 0 8460 940 903 1 3775 0
0 30792 2427 3 820 0 11493 1277 351 0 10341 1149 307 0 8958 1
0 30690 3366 4 545 0 10017 1113 866 0 9171 1019 1093 0 11106 1234 1199 0 396 0
1 30797 2379 3 485 0 10476 1164 1197 0 10935 1215 837 1 9386 0
1 30721 3078 4 1130 0 10197 1133 983 0 9018 1002 815 0 8487 943 495 1 3019 0
2 30551 4640 6 789 0 2783 557 746 0 4608 512 350 0 3814 1911 220 0 7866 874 691 0 7056 784 958 2 4424 2
2 30731 2984 3 859 0 13941 1549 684 0 12906 1434 113 2 3884 1
0 30749 2823 4 321 0 8469 941 1165 0 6975 775 1 0 9954 1106 343 0 5351 1
1 30685 3409 4 328 0 10728 1192 799 0 10242 1138 1194 0 9711 1079 1109 1 4 0
1 30758 2738 3 23 0 12600 1400 609 0 12042 1338 1115 1 6116 0
2 30660 3637 7 1189 0 6079 920 834 0 5247 583 662 0 5139 571 802 0 4655 543 466 0 4509 501 543 0 4666 519 44 2 365 0
0 30771 2621 3 655 0 12150 1350 738 0 11430 1270 1127 0 7191 1
0 30754 2777 3 221 0 12906 1434 836 0 12087 1343 1092 0 5761 0
1 30709 3189 4 95 0 9405 1045 474 0 8793 977 589 0 10503 1167 259 1 2008 0
2 30785 2487 3 434 0 11466 1274 161 0 10917 1213 303 2 8402 0
1 30681 3446 6 612 0 5269 669 134 0 6030 670 12 0 5949 661 311 0 6381 709 673 0 6633 737 725 1 419 0
0 30786 2483 3 333 0 10989 1221 1174 0 11340 1260 751 0 8457 2
2 30762 2699 3 184 0 12564 1396 336 0 11709 1301 782 2 6489 2
0 30695 3320 5 332 0 7191 799 489 0 6867 763 1099 0 8280 920 567 0 7533 837 1087 0 824 1
2 30695 3315 4 956 0 10035 1115 197 0 10170 1130 237 0 9621 1069 1200 2 869 1
2 30795 2395 3 200 0 10728 1192 688 0 10827 1203 199 2 9240 0
1 30774 2591 3 324 0 11862 1318 1176 0 11439 1271 1060 1 7473 2
2 30702 3251 4 593 0 10044 1116 297 0 9459 1051 514 0 9738 1082 285 2 1461 2
1 30699 3281 4 424 0 10350 1150 1052 0 10116 1124 839 0 9063 1007 1094 1 1170 0
3 30734 2954 4 1118 0 8136 904 224 0 10188 1132 1059 0 8262 918 139 3 4148 0
0 21406 9662 10 617 0 2116 629 928 0 1390 534 377 0 3668 1153 858 0 3168 1090 531 0 2648 847 5 0 2854 801 473 0 3089 536 523 0 1234 1680 45 0 937 1585 127 0 302 807
-1
6 49
3 30787 2466 3 275 0 10881 1209 280 0 11304 1256 362 3 8602 1
3 30790 2439 3 607 0 10944 1216 48 0 11007 1223 409 3 8839 0
0 30779 2547 3 203 0 11736 1304 1128 0 11187 1243 171 0 7856 0
1 30731 2986 4 55 0 9495 1055 959 0 8487 943 1019 0 8892 988 286 1 3857 0
2 30727 3021 4 565 0 9585 1065 702 0 9225 1025 951 0 8361 929 646 2 3556 2
3 30747 2834 4 517 0 8883 987 400 0 8352 928 309 0 8262 918 1015 3 5250 1
1 30727 3023 4 943 0 10494 1166 896 0 8505 945 459 0 8208 912 954 1 3520 0
2 30703 3241 4 165 0 7997 1221 82 0 9126 1014 899 0 9045 1005 1013 2 4535 1
1 30694 3327 4 168 0 10287 1143 342 0 10422 1158 181 0 9234 1026 1193 1 751 0
3 30692 3340 5 1136 0 7506 834 335 0 7407 823 1180 0 7497 833 824 0 7650 850 822 3 632 0
2 30740 2901 5 884 0 5346 594 984 0 6426 714 65 0 7515 835 50 0 6804 756 222 2 4649 2
2 30779 2542 3 715 0 11592 1288 869 0 11286 1254 960 2 7901 0
0 30663 3614 5 733 0 8325 925 425 0 7947 883 537 0 7731 859 895 0 6596 947 989 0 64 0
2 30695 3315 5 1103 0 7353 817 106 0 6417 713 380 0 8118 902 559 0 7947 883 736 2 860 0
0 30780 2538 3 1098 0 11205 1245 1167 0 11637 1293 341 0 7938 0
3 30672 3524 6 217 0 6734 1140 1073 0 5274 586 868 0 4869 541 266 0 5760 640 19 0 5553 617 888 3 2482 0
2 30791 2432 3 549 0 11475 1275 346 0 10404 1156 887 2 8912 1
2 30761 2708 4 784 0 7974 886 1190 0 8082 898 962 0 8298 922 1178 2 6407 2
1 30729 3005 5 108 0 6939 771 770 0 6777 753 1105 0 6777 753 934 0 6534 726 582 1 3702 2
3 30703 3239 4 133 0 9576 1064 243 0 9549 1061 643 0 10026 1114 1108 3 1552 0
2 30759 2726 4 946 0 9081 1009 762 0 7911 879 119 0 7533 837 726 2 6234 1
0 30694 3329 5 69 0 8226 914 426 0 7389 821 500 0 7425 825 1173 0 6912 768 1057 0 742 1
0 30717 3117 6 1096 0 4635 515 1095 0 4689 521 239 0 4688 651 1085 0 6282 698 63 0 6588 732 477 0 3835 0
0 30804 2317 3 932 0 10764 1196 357 0 10080 1120 570 0 9960 1
1 30353 6464 9 1119 0 2081 1880 427 0 1758 853 528 0 3009 505 964 0 2505 616 604 0 2782 695 398 0 5499 611 1121 0 6120 680 740 0 5616 624 444 1 983 0
3 30722 3064 4 573 0 8397 933 407 0 9585 1065 890 0 9594 1066 1163 3 3146 0
0 30754 2777 4 577 0 9126 1014 188 0 8460 940 231 0 7407 823 1142 0 5761 0
2 30711 3168 4 304 0 10089 1121 634 0 9054 1006 1101 0 9351 1039 803 2 2217 2
1 30360 6399 8 991 0 1099 1026 394 0 3209 1025 893 0 6183 687 312 0 5715 635 1058 0 5310 590 1156 0 4950 550 472 0 3561 1886 214 1 333 0
1 30689 3373 5 933 0 8091 899 374 0 7371 819 104 0 7497 833 177 0 7380 820 903 1 350 2
2 30706 3214 5 963 0 7713 857 1003 0 6966 774 979 0 6876 764 118 0 6137 819 406 2 3014 0
3 30756 2751 4 987 0 8685 965 922 0 8406 934 1016 0 7659 851 1106 3 6006 1
0 30747 2841 4 21 0 9468 1052 547 0 7956 884 1196 0 8136 904 440 0 5187 1
1 30726 3032 5 371 0 6822 758 283 0 6795 755 83 0 6651 739 769 0 7020 780 1001 1 3438 0
2 30662 3619 6 432 0 4680 520 435 0 5738 873 861 0 8073 897 255 0 6606 734 978 0 5355 595 210 2 210 0
0 30665 3596 6 664 0 3197 870 415 0 6525 725 1028 0 6084 676 11 0 5463 607 957 0 6453 717 668 0 2943 1
1 30682 3437 6 714 0 6606 734 1193 0 5710 718 1199 0 5229 625 902 0 5490 610 1024 0 6741 749 650 1 906 1
0 30686 3403 6 1138 0 6525 725 320 0 6003 667 412 0 6561 729 699 0 5796 644 114 0 5733 637 180 0 68 1
0 30665 3596 7 245 0 3649 573 1177 0 3368 728 513 0 5094 566 169 0 5589 621 626 0 5346 594 510 0 4608 512 862 0 3011 2
0 30762 2703 4 1072 0 8334 926 730 0 8280 920 1124 0 7704 856 950 0 6444 1
0 30686 3403 6 801 0 6948 772 290 0 6453 717 225 0 6102 678 1035 0 5742 638 586 0 5373 597 681 0 68 1
3 30699 3276 5 1070 0 7389 821 990 0 6822 758 793 0 6777 753 60 0 8487 943 241 3 1224 1
0 30711 3173 6 1132 0 6408 712 389 0 6570 730 174 0 5544 616 697 0 5202 578 322 0 4833 537 211 0 2154 0
0 30700 3274 5 918 0 8334 926 561 0 7416 824 132 0 7065 785 470 0 6651 739 210 0 1234 0
0 30732 2979 6 657 0 5391 599 1043 0 5337 593 1080 0 5247 583 636 0 5715 635 980 0 5121 569 838 0 3921 0
2 30680 3453 6 391 0 5202 578 719 0 5031 559 1137 0 4897 1075 330 0 5787 643 98 0 5364 596 775 2 4399 2
0 30379 6227 8 345 0 2543 1155 989 0 1975 636 826 0 3427 544 1155 0 3846 1861 401 0 6399 711 625 0 6237 693 653 0 5634 626 585 0 318 1
3 30718 3101 6 703 0 6111 679 338 0 5247 583 442 0 4516 648 43 0 5247 583 542 0 5463 607 856 3 4134 1
0 668 1717 2 560 0 524 655 44 0 144 1062
-1
7 16
0 30649 3743 7 192 0 4635 515 337 0 4527 503 454 0 4662 518 1021 0 4879 1059 1094 0 4652 647 966 0 4509 501 650 0 2785 0
1 30043 9316 10 1109 0 1697 1955 767 0 1370 1686 26 0 2096 1027 53 0 2187 958 821 0 2657 907 877 0 3110 923 516 0 5175 575 814 0 6444 716 1154 0 5112 568 856 1 195 1
1 30716 3124 6 1143 0 5616 624 670 0 5517 613 1091 0 5301 589 652 0 5985 665 15 0 5688 632 382 1 2609 1
0 30611 4093 7 68 0 5076 564 763 0 4644 516 352 0 3838 510 367 0 2799 1012 776 0 6282 698 794 0 7119 791 1092 0 853 2
1 30698 3290 6 741 0 5067 563 768 0 4815 535 194 0 6147 683 464 0 7038 782 25 0 6534 726 1108 1 1097 1
0 30573 4442 6 1056 0 5229 581 359 0 5742 638 1134 0 6165 685 600 0 4941 549 262 0 5103 567 1026 0 3393 1422
3 30300 6946 9 97 0 4572 508 446 0 4824 536 512 0 4608 512 1108 0 3701 705 954 0 3589 790 96 0 3037 911 353 0 2601 1164 860 0 3367 1820 753 3 1 0
0 29667 12777 12 1100 0 2269 1698 888 0 2168 517 22 0 2329 1746 263 0 1708 826 488 0 1990 1744 259 0 3607 624 668 0 2250 576 223 0 2158 1050 1087 0 2248 1044 234 0 3499 1856 113 0 3278 795 1115 0 2163 301
0 28893 19898 16 725 0 1545 975 170 0 1303 955 180 0 1437 726 285 0 946 918 809 0 949 516 1184 0 739 1803 728 0 3991 1875 378 0 2688 1866 429 0 2407 854 755 0 2232 1703 515 0 1804 1025 420 0 1721 1873 443 0 1758 966 753 0 1556 1678 444 0 2238 654 502 0 1579 1511
0 29374 15473 15 830 0 1949 620 690 0 2048 882 186 0 1876 1047 803 0 3325 614 411 0 2925 1780 189 0 2655 1827 252 0 2458 1126 1122 0 1990 668 975 0 1852 513 879 0 1401 794 235 0 1438 1731 558 0 1369 522 507 0 1280 1713 847 0 1299 650 976 0 1509 986
0 28646 22171 19 1054 0 551 1582 54 0 790 1729 214 0 546 1495 585 0 1979 1684 298 0 1861 856 222 0 1719 1006 1200 0 1415 1708 103 0 1313 1617 368 0 1526 663 4 0 1191 1566 343 0 1480 758 326 0 1306 767 1001 0 1466 545 917 0 2530 1818 1060 0 2201 1073 865 0 2436 929 458 0 2489 1776 646 0 1833 597 967 0 14 2
1 28765 21073 19 51 0 1183 557 1069 0 1665 1717 656 0 1847 894 812 0 1919 1663 406 0 1754 530 822 0 1376 971 447 0 1460 1026 141 0 1227 1654 967 0 1077 1569 903 0 1300 601 780 0 1115 1588 1163 0 1567 524 506 0 1235 1671 751 0 2127 1174 382 0 2061 518 209 0 1906 1692 1092 0 1837 937 760 0 2087 1787 1084 1 22 0
0 27692 30947 23 938 0 768 1724 941 0 824 1591 1129 0 700 1545 428 0 581 1550 736 0 1359 1231 659 0 1167 1902 900 0 1433 1680 219 0 1554 1649 621 0 1875 811 553 0 1598 1747 62 0 1397 1173 582 0 1337 558 20 0 1261 1747 742 0 1135 1076 139 0 1051 578 383 0 902 1621 385 0 1039 1121 59 0 911 958 588 0 1583 1731 611 0 1656 1646 898 0 1502 1638 707 0 1753 1669 249 0 306 1
0 26963 37654 33 843 0 560 1589 747 0 953 1738 595 0 1414 1151 782 0 1168 849 250 0 1134 1762 486 0 971 909 13 0 775 952 358 0 832 1038 564 0 538 763 109 0 372 880 1125 0 236 1560 881 0 679 830 685 0 427 725 1057 0 474 1172 1106 0 1461 829 409 0 1202 1116 301 0 1611 1628 960 0 1205 1012 461 0 1096 1596 1178 0 872 807 650 0 844 503 477 0 710 505 201 0 624 1748 840 0 463 1050 1010 0 536 1042 1081 0 585 1017 628 0 1012 1628 856 0 1058 597 120 0 770 1746 1104 0 1152 1751 318 0 590 1565 1135 0 586 1595 196 0 53 1
2 24252 62591 52 360 0 200 634 72 0 100 1450 718 0 318 631 191 0 247 1543 606 0 478 1492 1013 0 584 568 785 0 505 915 838 0 786 523 341 0 963 989 1127 0 972 906 244 0 993 1544 1146 0 700 1733 766 0 588 1667 1111 0 598 1156 1183 0 530 1872 349 0 618 1629 159 0 644 984 1149 0 826 1649 982 0 732 1592 950 0 936 819 1097 0 820 1537 887 0 806 1079 366 0 679 1752 468 0 581 1731 495 0 579 872 66 0 397 1101 303 0 650 1006 919 0 467 1691 619 0 328 1042 273 0 244 1731 32 0 188 1690 867 0 338 1812 579 0 311 1541 70 0 319 609 538 0 314 822 524 0 280 1072 695 0 291 1504 265 0 291 582 958 0 319 537 521 0 213 1718 433 0 383 620 696 0 279 893 743 0 250 1683 481 0 490 1654 647 0 462 815 906 0 259 1684 147 0 263 621 211 0 185 1738 431 0 161 1597 210 0 249 641 171 0 415 919 886 2 123 1
0 8054 81961 74 267 0 97 500 340 0 330 606 985 0 217 974 421 0 277 1002 837 0 324 1079 277 0 563 1652 362 0 494 1010 281 0 368 751 111 0 238 1626 862 0 284 553 142 0 224 1489 829 0 201 1533 2 0 213 1674 440 0 249 603 292 0 249 1524 199 0 307 1061 1084 0 201 1503 460 0 225 1557 286 0 146 1923 102 0 154 960 681 0 184 986 33 0 108 1009 27 0 54 1389 948 0 37 961 1065 0 0 1919 1186 0 67 1761 885 0 158 1601 307 0 168 1013 138 0 219 1465 641 0 105 1508 241 0 68 1775 1015 0 129 597 17 0 72 1638 487 0 88 1095 886 0 38 1714 787 0 184 1529 949 0 151 1581 534 0 105 1508 777 0 120 596 775 0 144 503 240 0 63 1707 496 0 20 1529 117 0 9 1554 1049 0 0 1469 519 0 64 1460 1144 0 92 1021 1142 0 71 648 249 0 19 1572 841 0 40 1506 999 0 19 1713 388 0 19 1549 569 0 0 1217 196 0 2 812 261 0 0 1134 726 0 64 699 175 0 0 1385 413 0 0 882 393 0 0 1134 450 0 0 1553 56 0 0 1134 215 0 0 882 570 0 12 1107 86 0 0 715 1115 0 0 619 976 0 0 658 624 0 0 379 1145 0 0 631 310 0 0 379 1026 0 0 410 502 0 0 347 708 0 0 296 631 0 0 44 875 0 0 44 386 0 0 44
-1
8 0
-1
9 0
-1
10 0
-1
11 0
-1
12 0
-1
13 0
-1
14 0
-1
15 0
-1
16 0
-1
17 0
-1
18 0
-1
19 0
-1
20 0
-1
21 0
-1
22 0
-1
23 0
-1
24 0
-1
25 0
-1
26 0
-1
27 0
-1
28 0
-1
29 0
-1
30 0
-1
31 0
-1
32 0
-1
33 0
-1
34 0
-1
35 0
-1
36 0
-1
37 0
-1
38 0
-1
39 0
-1
40 0
-1
