1 48
1 47963 4772 5 29 0 15606 1734 131 0 11331 1259 54 0 9810 1090 74 0 6192 688 86 1 5024 1
1 47929 5241 5 108 0 14976 1664 100 0 12384 1376 142 0 13194 1466 66 0 6588 732 119 1 787 3
1 47895 5711 5 4 0 14022 1558 2 0 15057 1673 169 0 9819 1091 86 0 7476 1388 47 1 1521 1
0 47978 4570 4 48 0 17073 1897 91 0 13365 1485 140 0 10692 1188 157 0 6848 0
2 47962 4781 4 159 0 10548 1172 156 0 16119 1791 155 0 16335 1815 139 2 4960 3
1 47974 4620 4 154 0 13365 1485 45 0 12033 1337 31 0 16173 1797 37 1 6403 1
1 48018 4013 4 25 0 11223 1247 158 0 13977 1553 149 0 10890 1210 21 1 11928 3
1 47924 5310 4 81 0 14481 1609 116 0 15498 1722 63 0 17784 1976 122 1 161 3
0 47937 5136 4 80 0 13302 1478 59 0 15813 1757 101 0 17109 1901 185 0 1713 0
2 47941 5071 5 47 0 4922 715 127 0 13455 1495 195 0 12573 1397 113 0 13167 1463 102 2 3824 1
2 47973 4629 4 190 0 16488 1832 18 0 13500 1500 24 0 11655 1295 144 2 6330 2
0 47884 5867 5 8 0 17226 1914 97 0 15660 1740 189 0 10440 1160 139 0 4515 1050 185 0 43 3
0 48057 3480 4 43 0 9684 1076 143 0 11664 1296 90 0 9936 1104 129 0 16773 4
1 47926 5283 7 119 0 3874 515 93 0 6552 728 41 0 5886 654 103 0 9756 1084 55 0 7731 859 179 0 12987 1443 122 1 1140 0
0 47928 5260 4 178 0 16290 1810 56 0 17334 1926 68 0 13698 1522 144 0 606 2
2 47927 5264 5 115 0 11979 1331 176 0 12564 1396 107 0 10080 1120 11 0 12753 1417 194 2 551 0
2 48040 3705 3 168 0 15894 1766 19 0 17451 1939 17 2 14695 0
0 48034 3797 3 82 0 17469 1941 50 0 16686 1854 94 0 13879 2
1 47935 5159 4 150 0 16056 1784 184 0 15129 1681 23 0 15228 1692 185 1 1522 2
1 48032 3820 3 109 0 17073 1897 132 0 17307 1923 87 1 13652 0
1 47995 4331 4 53 0 12096 1344 61 0 14013 1557 137 0 12852 1428 121 1 9034 2
0 48031 3838 3 160 0 17388 1932 30 0 17154 1906 6 0 13489 0
0 47759 7592 6 102 0 8522 1371 49 0 9972 1108 88 0 14832 1648 183 0 14409 1601 129 0 12 1861 185 0 12 3
0 47881 5908 5 37 0 4072 1163 157 0 2431 1031 52 0 17289 1921 123 0 16119 1791 84 0 7970 2
0 47930 5232 4 69 0 14130 1570 44 0 15435 1715 28 0 17514 1946 162 0 851 1
1 47976 4593 4 60 0 11988 1332 126 0 12033 1337 33 0 17298 1922 135 1 6657 2
0 48037 3756 3 20 0 17415 1935 40 0 16362 1818 72 0 14260 3
0 47926 5287 6 64 0 10566 1174 111 0 8892 988 13 0 10827 1203 163 0 11970 1330 1 0 5301 589 104 0 370 3
0 48034 3797 3 120 0 17208 1912 186 0 16947 1883 198 0 13879 2
2 47929 5237 5 22 0 13878 1542 173 0 11295 1255 152 0 11583 1287 98 0 10359 1151 185 2 814 2
0 47944 5039 4 105 0 16038 1782 78 0 14481 1609 141 0 14796 1644 128 0 2629 4
2 47989 4409 4 170 0 12870 1430 148 0 12834 1426 67 0 13959 1551 192 2 8326 2
1 47999 4275 4 12 0 14562 1618 71 0 10944 1216 193 0 12942 1438 5 1 9551 3
1 47919 5379 7 26 0 8838 982 16 0 9333 1037 96 0 9027 1003 194 0 7484 893 122 0 5906 798 58 0 5976 664 104 1 1355 2
0 47932 5205 6 65 0 8658 962 110 0 6399 711 153 0 6597 733 125 0 12114 1346 38 0 13041 1449 99 0 1123 4
1 48034 3792 3 146 0 17505 1945 79 0 16605 1845 188 1 13924 2
0 47979 4556 4 89 0 14328 1592 161 0 12357 1373 172 0 14310 1590 130 0 6984 1
1 47976 4593 4 166 0 16974 1886 177 0 13482 1498 70 0 10881 1209 117 1 6639 0
2 47828 6630 6 112 0 12708 1412 133 0 13356 1484 75 0 12015 1335 147 0 9540 1060 21 0 149 1339 185 2 60 0
0 47962 4791 6 99 0 9038 1125 167 0 7866 874 138 0 7137 793 57 0 7380 820 200 0 10593 1177 187 0 5948 2
2 47812 6851 7 191 0 8514 946 182 0 10764 1196 42 0 10881 1209 73 0 8712 968 175 0 8757 973 94 0 170 1559 104 2 14 0
0 47934 5177 7 83 0 7659 851 34 0 8055 895 36 0 8568 952 145 0 6048 672 162 0 6943 865 196 0 8469 941 92 0 2192 1
0 47838 6502 7 104 0 3469 574 7 0 6426 714 128 0 8774 1263 51 0 11988 1332 171 0 8721 969 118 0 8361 929 87 0 99 721
1 47943 5048 6 134 0 10008 1112 32 0 9423 1047 35 0 7713 857 85 0 8631 959 9 0 9630 1070 39 1 2538 3
0 47933 5191 8 76 0 6372 708 46 0 5481 609 151 0 6093 677 3 0 6957 773 95 0 6552 728 124 0 6966 774 27 0 8280 920 144 0 1232 2
0 47891 5770 10 114 0 4617 513 92 0 3253 604 165 0 5319 591 174 0 5274 586 106 0 5958 662 164 0 6372 708 136 0 6210 690 199 0 5589 621 62 0 4644 516 185 0 655 279
0 47663 8917 11 77 0 4950 550 15 0 6021 669 181 0 7191 799 180 0 5742 638 197 0 4761 529 84 0 3595 1283 14 0 5058 562 10 0 5202 578 39 0 2402 546 5 0 2661 1354 198 0 80 1409
0 11026 14414 14 188 0 2239 1794 192 0 1797 1123 130 0 1728 967 117 0 1190 870 187 0 1054 776 135 0 785 825 17 0 459 1684 6 0 533 1558 72 0 527 1640 121 0 487 1056 144 0 227 927 185 0 0 247 87 0 0 807 198 0 0 140
-1
2 0
-1
3 0
-1
4 0
-1
5 0
-1
6 0
-1
7 0
-1
8 0
-1
9 0
-1
10 0
-1
11 0
-1
12 0
-1
13 0
-1
14 0
-1
15 0
-1
