1 40
2 1370 0 1 70 2 1370 0
2 1370 0 1 70 2 1370 0
2 1370 0 1 32 2 1370 0
2 1370 0 1 32 2 1370 0
2 1370 0 1 32 2 1370 0
2 1370 0 1 153 2 1370 0
2 1370 0 1 153 2 1370 0
0 1121 429 5 70 0 1 0 70 0 1 0 70 0 1 0 70 0 1 0 70 0 1117 429
2 1370 0 1 139 2 1370 0
2 1370 0 1 139 2 1370 0
2 1370 0 1 139 2 1370 0
2 1370 0 1 139 2 1370 0
2 1370 0 1 97 2 1370 0
2 1370 0 1 97 2 1370 0
2 1370 0 1 97 2 1370 0
2 1370 0 1 97 2 1370 0
2 1370 0 1 97 2 1370 0
2 1370 0 1 97 2 1370 0
2 1370 0 1 192 2 1370 0
2 1370 0 1 192 2 1370 0
2 1370 0 1 64 2 1370 0
2 1370 0 1 64 2 1370 0
2 1370 0 1 37 2 1370 0
2 1370 0 1 37 2 1370 0
2 1370 0 1 55 2 1370 0
2 1370 0 1 197 2 1370 0
2 1370 0 1 197 2 1370 0
2 1370 0 1 197 2 1370 0
2 1370 0 1 197 2 1370 0
0 1236 274 2 139 0 142 0 55 0 1094 274
2 1370 0 1 132 2 1370 0
2 1370 0 1 132 2 1370 0
2 1370 0 1 132 2 1370 0
2 1370 0 1 132 2 1370 0
2 1370 0 1 132 2 1370 0
2 1370 0 1 164 2 1370 0
2 1370 0 1 45 2 1370 0
2 1370 0 1 45 2 1370 0
2 1370 0 1 45 2 1370 0
1 610 372 9 153 0 560 372 153 0 1 0 153 0 1 0 153 0 1 0 153 0 1 0 153 1 43 0 153 0 1 0 153 0 1 0 153 0 1 0
-1
2 31
2 3617 0 1 28 2 3617 0
0 3266 717 1 28 0 3266 717
1 3020 932 17 125 0 23 0 180 1 1833 0 106 0 1 0 106 0 1 0 106 0 1150 932 106 0 1 0 106 0 1 0 106 0 1 0 106 0 1 0 106 0 1 0 106 0 1 0 106 0 1 0 106 0 1 0 106 0 1 0 106 0 1 0 106 0 1 0 106 0 1 0
0 1711 188 20 10 0 1 0 10 0 1 0 10 0 1 0 10 0 1 0 10 0 1 0 10 0 1 0 10 0 1 0 10 0 1 0 10 0 1 0 10 0 1 0 10 0 1 0 10 0 1 0 10 0 1692 188 10 0 1 0 10 0 1 0 10 0 1 0 10 0 1 0 10 0 1 0 10 0 1 0 10 0 1 0
0 3327 572 14 180 0 1 0 180 0 1 0 180 0 1 0 180 0 1 0 180 0 1 0 180 0 1 0 180 0 1 0 180 0 3314 572 180 0 1 0 180 0 1 0 180 0 1 0 180 0 1 0 180 0 1 0 180 0 1 0
2 3617 0 1 84 2 3617 0
2 3617 0 1 84 2 3617 0
2 3617 0 1 104 2 3617 0
2 3617 0 1 106 2 3617 0
2 3617 0 1 106 2 3617 0
2 3617 0 1 85 2 3617 0
2 3617 0 1 85 2 3617 0
2 3617 0 1 175 2 3617 0
1 3279 690 3 104 1 0 0 175 0 692 400 125 0 2587 290
2 3617 0 1 49 2 3617 0
2 3617 0 1 136 2 3617 0
2 3617 0 1 185 2 3617 0
2 3617 0 1 100 2 3617 0
2 3617 0 1 100 2 3617 0
2 3617 0 1 60 2 3617 0
2 3617 0 1 82 2 3617 0
0 3500 240 2 128 0 2160 240 85 0 1340 0
0 3264 721 2 172 0 394 0 136 0 2870 721
0 3600 36 1 76 0 3600 36
2 3617 0 1 68 2 3617 0
2 3617 0 1 68 2 3617 0
2 3617 0 1 74 2 3617 0
0 3250 750 2 104 0 119 0 82 0 3131 750
2 3617 0 1 27 2 3617 0
0 3390 375 16 49 0 1 0 49 0 1 0 178 0 3375 375 178 0 1 0 60 0 1 0 60 0 1 0 60 0 1 0 60 0 1 0 60 0 1 0 60 0 1 0 60 0 1 0 60 0 1 0 60 0 1 0 60 0 1 0 60 0 1 0 60 0 1 0
2 3617 0 1 26 2 3617 0
-1
3 42
1 1372 0 1 166 1 1372 0
1 1372 0 1 166 1 1372 0
1 1372 0 1 127 1 1372 0
0 816 548 4 166 0 813 548 166 0 1 0 166 0 1 0 166 0 1 0
1 1372 0 1 69 1 1372 0
1 1372 0 1 92 1 1372 0
1 1372 0 1 92 1 1372 0
1 1372 0 1 183 1 1372 0
1 1372 0 1 183 1 1372 0
1 1372 0 1 183 1 1372 0
1 1372 0 1 183 1 1372 0
1 1372 0 1 183 1 1372 0
1 1372 0 1 183 1 1372 0
1 1372 0 1 131 1 1372 0
1 1372 0 1 131 1 1372 0
1 1372 0 1 131 1 1372 0
1 1372 0 1 196 1 1372 0
1 1372 0 1 196 1 1372 0
1 1372 0 1 196 1 1372 0
1 1372 0 1 196 1 1372 0
1 1372 0 1 196 1 1372 0
1 1372 0 1 196 1 1372 0
1 1372 0 1 80 1 1372 0
1 1372 0 1 80 1 1372 0
1 1372 0 1 80 1 1372 0
1 1372 0 1 96 1 1372 0
1 1372 0 1 15 1 1372 0
1 1372 0 1 15 1 1372 0
1 1372 0 1 15 1 1372 0
1 1372 0 1 15 1 1372 0
1 1372 0 1 15 1 1372 0
1 1372 0 1 126 1 1372 0
1 1372 0 1 135 1 1372 0
1 1372 0 1 135 1 1372 0
1 1372 0 1 25 1 1372 0
1 1372 0 1 25 1 1372 0
1 1372 0 1 38 1 1372 0
1 1372 0 1 176 1 1372 0
1 1372 0 1 176 1 1372 0
2 1233 283 2 126 0 1174 283 80 2 59 0
0 1214 323 1 25 0 1214 323
1 1372 0 1 15 1 1372 0
-1
4 20
1 3773 0 1 5 1 3773 0
1 3773 0 1 103 1 3773 0
1 3773 0 1 147 1 3773 0
1 3773 0 1 170 1 3773 0
1 3773 0 1 170 1 3773 0
1 3773 0 1 169 1 3773 0
1 3773 0 1 124 1 3773 0
1 3773 0 1 124 1 3773 0
1 3773 0 1 26 1 3773 0
1 3773 0 1 174 1 3773 0
1 3773 0 1 95 1 3773 0
0 3423 715 2 197 0 762 0 5 0 2661 715
2 3412 736 2 45 0 2508 736 147 2 904 0
2 3389 783 2 147 2 116 0 169 0 3273 783
1 3773 0 1 186 1 3773 0
1 3773 0 1 186 1 3773 0
1 3773 0 1 137 1 3773 0
1 3773 0 1 148 1 3773 0
1 3773 0 1 34 1 3773 0
2 2666 1001 25 49 0 2018 633 49 2 58 0 37 0 1 0 37 0 1 0 37 0 1 0 37 0 1 0 37 0 1 0 37 0 1 0 37 0 1 0 37 0 1 0 37 0 1 0 37 0 1 0 37 0 1 0 37 0 1 0 37 0 1 0 37 0 568 368 37 0 1 0 37 0 1 0 37 0 1 0 37 0 1 0 37 0 1 0 37 0 1 0 37 0 1 0 37 0 1 0 37 0 1 0
-1
5 20
2 1592 165 2 185 2 501 0 172 0 1091 165
0 1618 113 1 100 0 1618 113
1 1673 0 1 71 1 1673 0
0 1591 168 2 118 0 1512 168 71 0 79 0
0 1565 221 1 27 0 1565 221
1 1673 0 1 77 1 1673 0
1 1673 0 1 77 1 1673 0
1 1656 35 2 84 1 0 0 165 0 1656 35
1 1607 135 2 133 1 0 0 26 0 1607 135
0 1611 127 1 77 0 1611 127
2 1245 873 2 74 2 627 0 84 0 618 873
1 1673 0 1 6 1 1673 0
1 1673 0 1 6 1 1673 0
1 1673 0 1 6 1 1673 0
1 1673 0 1 6 1 1673 0
1 1673 0 1 6 1 1673 0
1 1673 0 1 152 1 1673 0
1 1673 0 1 152 1 1673 0
1 1673 0 1 152 1 1673 0
2 1592 165 2 185 2 501 0 172 0 1091 165
-1
6 16
0 3639 0 1 46 0 3639 0
0 3615 49 1 46 0 3615 49
0 3639 0 1 22 0 3639 0
0 3639 0 1 56 0 3639 0
0 3408 471 1 22 0 3408 471
0 3639 0 1 54 0 3639 0
0 3639 0 1 54 0 3639 0
0 3639 0 1 200 0 3639 0
0 3639 0 1 88 0 3639 0
0 3639 0 1 88 0 3639 0
0 3639 0 1 11 0 3639 0
0 3639 0 1 115 0 3639 0
0 3639 0 1 73 0 3639 0
0 3473 339 2 133 0 422 0 75 0 3051 339
0 3525 233 1 115 0 3525 233
0 3639 0 1 91 0 3639 0
-1
7 24
0 2896 0 1 105 0 2896 0
0 2617 569 2 105 0 2225 569 11 0 392 0
0 2896 0 1 190 0 2896 0
0 2896 0 1 190 0 2896 0
1 2774 248 2 1 0 2232 248 144 1 542 0
0 2896 0 1 50 0 2896 0
0 2896 0 1 50 0 2896 0
0 2612 349 15 144 0 1 0 144 0 1 0 144 0 1 0 144 0 1 0 144 0 2598 349 144 0 1 0 144 0 1 0 144 0 1 0 144 0 1 0 144 0 1 0 144 0 1 0 144 0 1 0 144 0 1 0 144 0 1 0 144 0 1 0
0 2896 0 1 154 0 2896 0
0 2896 0 1 154 0 2896 0
0 2593 618 2 193 0 1917 213 11 0 676 405
0 2896 0 1 200 0 2896 0
0 2896 0 1 114 0 2896 0
0 2896 0 1 114 0 2896 0
1 2830 134 2 114 0 2830 134 154 1 0 0
0 2896 0 1 199 0 2896 0
0 2896 0 1 199 0 2896 0
0 2896 0 1 30 0 2896 0
0 2896 0 1 143 0 2896 0
0 2896 0 1 143 0 2896 0
0 2875 43 1 143 0 2875 43
0 2896 0 1 173 0 2896 0
0 2896 0 1 173 0 2896 0
0 2896 0 1 52 0 2896 0
-1
8 25
2 2567 0 1 2 2 2567 0
2 2567 0 1 2 2 2567 0
2 2567 0 1 109 2 2567 0
2 2567 0 1 109 2 2567 0
2 2567 0 1 109 2 2567 0
2 2567 0 1 39 2 2567 0
2 2567 0 1 39 2 2567 0
2 2567 0 1 52 2 2567 0
2 2567 0 1 101 2 2567 0
2 2567 0 1 101 2 2567 0
2 2567 0 1 101 2 2567 0
2 2567 0 1 184 2 2567 0
2 2567 0 1 90 2 2567 0
2 2567 0 1 90 2 2567 0
1 2173 804 2 176 1 75 0 39 0 2098 804
2 2567 0 1 14 2 2567 0
2 2567 0 1 14 2 2567 0
2 2567 0 1 14 2 2567 0
2 2567 0 1 134 2 2567 0
2 2567 0 1 134 2 2567 0
2 2567 0 1 134 2 2567 0
2 2567 0 1 53 2 2567 0
2 2567 0 1 53 2 2567 0
2 2567 0 1 18 2 2567 0
4 2116 234 17 127 3 290 0 127 0 440 234 166 0 1 0 166 0 1 0 166 0 1 0 166 0 1 0 166 0 1 0 166 0 1 0 166 1 1372 0 166 0 1 0 166 0 1 0 166 0 1 0 166 0 1 0 166 0 1 0 166 0 1 0 166 0 1 0 166 0 1 0
-1
9 9
2 2840 795 2 50 0 1363 795 154 2 1477 0
2 2817 842 2 199 0 1786 842 30 2 1031 0
1 2706 1069 3 54 1 0 0 54 0 947 230 173 0 1759 839
0 3200 62 1 18 0 3200 62
1 3230 0 1 44 1 3230 0
1 3230 0 1 91 1 3230 0
1 3230 0 1 120 1 3230 0
1 3230 0 1 36 1 3230 0
3 1253 1531 48 152 0 882 656 71 0 137 210 190 0 64 665 190 0 1 0 190 0 1 0 190 0 1 0 190 0 1 0 190 0 1 0 190 0 1 0 190 0 1 0 190 0 1 0 190 0 1 0 190 0 1 0 190 0 1 0 190 0 1 0 190 0 1 0 190 0 1 0 190 0 1 0 190 0 1 0 190 3 126 0 190 0 1 0 190 0 1 0 190 0 1 0 190 0 1 0 190 0 1 0 190 0 1 0 190 0 1 0 190 0 1 0 190 0 1 0 190 0 1 0 190 0 1 0 190 0 1 0 190 0 1 0 190 0 1 0 190 0 1 0 190 0 1 0 190 0 1 0 190 0 1 0 190 0 1 0 190 0 1 0 190 0 1 0 190 0 1 0 190 0 1 0 190 0 1 0 190 0 1 0 190 0 1 0 190 0 1 0 190 0 1 0
-1
10 13
2 2410 0 1 34 2 2410 0
2 2410 0 1 67 2 2410 0
2 2410 0 1 67 2 2410 0
2 2410 0 1 148 2 2410 0
2 2410 0 1 9 2 2410 0
2 2410 0 1 138 2 2410 0
2 2410 0 1 138 2 2410 0
0 2196 438 1 67 0 2196 438
2 2410 0 1 21 2 2410 0
2 2410 0 1 21 2 2410 0
2 2410 0 1 21 2 2410 0
1 2128 576 2 120 0 1953 576 186 1 175 0
1 2037 223 33 4 0 333 223 4 0 1 0 4 0 1 0 4 0 1 0 4 0 1 0 4 0 1 0 4 0 1 0 4 0 1 0 4 0 1 0 4 0 1 0 4 0 1 0 4 0 1 0 4 0 1 0 4 1 1673 0 4 0 1 0 4 0 1 0 4 0 1 0 4 0 1 0 4 0 1 0 4 0 1 0 4 0 1 0 4 0 1 0 4 0 1 0 4 0 1 0 4 0 1 0 4 0 1 0 4 0 1 0 4 0 1 0 4 0 1 0 4 0 1 0 4 0 1 0 4 0 1 0 4 0 1 0
-1
11 12
0 2318 1727 5 96 0 391 196 131 0 696 535 2 0 496 626 184 0 329 322 90 0 406 48
0 3014 307 2 102 0 251 0 110 0 2763 307
2 3164 0 1 47 2 3164 0
2 3164 0 1 47 2 3164 0
2 3164 0 1 160 2 3164 0
3 2853 634 2 36 0 2475 634 53 3 378 0
2 3164 0 1 78 2 3164 0
2 3164 0 1 87 2 3164 0
2 3164 0 1 149 2 3164 0
2 3164 0 1 149 2 3164 0
0 2584 1184 3 52 0 340 111 56 0 933 508 103 0 1311 565
1 2068 1753 27 38 0 976 261 183 0 573 979 92 0 242 332 92 0 1 0 69 0 1 0 69 0 255 181 69 1 0 0 69 0 1 0 69 0 1 0 69 0 1 0 69 0 1 0 69 0 1 0 69 0 1 0 69 0 1 0 69 0 1 0 69 0 1 0 69 0 1 0 69 0 1 0 69 0 1 0 69 0 1 0 69 0 1 0 69 0 1 0 69 0 1 0 69 0 1 0 69 0 1 0 69 0 1 0 69 0 1 0
-1
12 12
0 1437 582 2 196 0 600 442 133 0 837 140
1 1722 0 1 174 1 1722 0
1 1649 149 2 174 1 308 0 89 0 1341 149
1 1396 665 2 174 1 209 0 147 0 1187 665
0 1348 764 2 64 0 964 412 32 0 384 352
2 1470 514 2 134 2 75 0 44 0 1395 514
2 1643 161 2 132 2 194 0 51 0 1449 161
0 1244 976 2 14 0 1068 975 80 0 176 1
0 1647 154 1 138 0 1647 154
1 1722 0 1 72 1 1722 0
1 1722 0 1 72 1 1722 0
1 982 1510 4 135 0 440 287 30 0 364 477 200 1 0 0 200 0 178 746
-1
13 6
2 1657 0 1 117 2 1657 0
2 1657 0 1 91 2 1657 0
2 1657 0 1 9 2 1657 0
2 1657 0 1 179 2 1657 0
2 1657 0 1 179 2 1657 0
2 1657 0 1 179 2 1657 0
-1
14 10
3 4300 0 1 158 3 4300 0
3 4300 0 1 23 3 4300 0
3 4300 0 1 195 3 4300 0
3 4300 0 1 35 3 4300 0
3 4300 0 1 141 3 4300 0
3 4300 0 1 161 3 4300 0
1 3959 697 2 134 1 0 0 141 0 3959 697
3 4300 0 1 162 3 4300 0
3 4300 0 1 108 3 4300 0
1 3511 1593 37 134 0 801 954 102 0 1090 149 176 0 215 490 176 0 1 0 176 0 1 0 176 0 1 0 176 0 1 0 176 0 1 0 176 0 1 0 176 0 1 0 176 0 1 0 176 0 1 0 176 0 1 0 176 0 1 0 176 0 1 0 176 0 1 0 176 1 1372 0 176 0 1 0 176 0 1 0 176 0 1 0 176 0 1 0 176 0 1 0 176 0 1 0 176 0 1 0 176 0 1 0 176 0 1 0 176 0 1 0 176 0 1 0 176 0 1 0 176 0 1 0 176 0 1 0 176 0 1 0 176 0 1 0 176 0 1 0 176 0 1 0 176 0 1 0 176 0 1 0
-1
15 6
1 2526 0 1 179 1 2526 0
1 2526 0 1 112 1 2526 0
1 2526 0 1 112 1 2526 0
1 2526 0 1 112 1 2526 0
1 2526 0 1 160 1 2526 0
0 471 1240 56 170 0 417 885 170 0 1 0 27 0 1 0 27 0 1 0 27 0 1 0 27 0 1 0 27 0 1 0 27 0 1 0 27 0 0 355 27 0 1 0 27 0 1 0 27 0 1 0 27 0 1 0 27 0 1 0 27 0 1 0 27 0 1 0 27 0 1 0 27 0 1 0 27 0 1 0 27 0 1 0 27 0 1 0 27 0 1 0 27 0 1 0 27 0 1 0 27 0 1 0 27 0 1 0 27 0 1 0 27 0 1 0 27 0 1 0 27 0 1 0 27 0 1 0 27 0 1 0 27 0 1 0 27 0 1 0 27 0 1 0 27 0 1 0 27 0 1 0 27 0 1 0 27 0 1 0 27 0 1 0 27 0 1 0 27 0 1 0 27 0 1 0 27 0 1 0 27 0 1 0 27 0 1 0 27 0 1 0 27 0 1 0 27 0 1 0 27 0 1 0 27 0 1 0 27 0 1 0 27 0 1 0 27 0 1 0 27 0 1 0 27 0 1 0
-1
