1 68
3 1945 0 1 617 3 1945 0
1 1870 276 2 32 1 1334 0 617 0 536 276
3 1945 0 1 32 3 1945 0
3 1945 0 1 32 3 1945 0
3 1945 0 1 32 3 1945 0
3 1678 977 2 32 0 1614 977 1052 3 64 0
3 1945 0 1 703 3 1945 0
3 1913 117 2 778 3 927 0 1052 0 986 117
3 1945 0 1 283 3 1945 0
3 1945 0 1 283 3 1945 0
3 1945 0 1 283 3 1945 0
3 1945 0 1 283 3 1945 0
3 1945 0 1 202 3 1945 0
3 1945 0 1 202 3 1945 0
3 1945 0 1 1125 3 1945 0
3 1945 0 1 1037 3 1945 0
3 1945 0 1 1037 3 1945 0
3 1945 0 1 1037 3 1945 0
3 1945 0 1 984 3 1945 0
3 1945 0 1 984 3 1945 0
0 1846 365 1 984 0 1846 365
0 1841 384 2 1125 0 1499 383 703 0 342 1
0 1710 356 4 440 0 1548 172 778 0 160 184 617 0 1 0 617 0 1 0
3 1945 0 1 849 3 1945 0
3 1945 0 1 849 3 1945 0
3 1945 0 1 849 3 1945 0
2 1677 982 2 633 2 631 0 283 0 1046 982
3 1945 0 1 938 3 1945 0
3 1945 0 1 408 3 1945 0
3 1945 0 1 408 3 1945 0
3 1945 0 1 456 3 1945 0
3 1945 0 1 1072 3 1945 0
3 1945 0 1 1072 3 1945 0
3 1945 0 1 1072 3 1945 0
3 1945 0 1 1025 3 1945 0
0 1832 416 1 1025 0 1832 416
3 1945 0 1 367 3 1945 0
3 1945 0 1 367 3 1945 0
3 1945 0 1 367 3 1945 0
3 1945 0 1 367 3 1945 0
3 1945 0 1 1082 3 1945 0
3 1945 0 1 1082 3 1945 0
3 1945 0 1 1082 3 1945 0
0 1733 779 2 1037 0 1167 779 778 0 566 0
0 1674 186 1 1131 0 1674 186
3 1945 0 1 208 3 1945 0
3 1945 0 1 208 3 1945 0
3 1904 150 2 543 0 1350 150 1057 3 554 0
3 1945 0 1 363 3 1945 0
3 1945 0 1 363 3 1945 0
0 1891 201 1 363 0 1891 201
3 1945 0 1 352 3 1945 0
3 1945 0 1 352 3 1945 0
3 1945 0 1 352 3 1945 0
3 1945 0 1 352 3 1945 0
3 1945 0 1 711 3 1945 0
3 1945 0 1 711 3 1945 0
3 1945 0 1 711 3 1945 0
3 1945 0 1 75 3 1945 0
3 1945 0 1 75 3 1945 0
3 1945 0 1 296 3 1945 0
3 1945 0 1 296 3 1945 0
3 1945 0 1 960 3 1945 0
3 1945 0 1 960 3 1945 0
3 1945 0 1 438 3 1945 0
3 1945 0 1 1085 3 1945 0
3 1945 0 1 1085 3 1945 0
3 1945 0 1 1085 3 1945 0
-1
2 62
0 2300 706 2 1072 0 510 706 1085 0 1790 0
0 2493 0 1 165 0 2493 0
0 2493 0 1 982 0 2493 0
0 2493 0 1 446 0 2493 0
0 1257 789 1 711 0 1257 789
0 2493 0 1 181 0 2493 0
0 2493 0 1 181 0 2493 0
0 2493 0 1 772 0 2493 0
0 2493 0 1 772 0 2493 0
0 2493 0 1 311 0 2493 0
0 2493 0 1 311 0 2493 0
0 2493 0 1 1107 0 2493 0
0 2493 0 1 1107 0 2493 0
0 2493 0 1 998 0 2493 0
0 2493 0 1 998 0 2493 0
0 2493 0 1 998 0 2493 0
0 2293 732 2 1066 0 691 0 772 0 1602 732
2 2438 199 2 881 0 1791 199 181 2 647 0
0 2268 823 2 1107 0 1620 734 446 0 648 89
0 2493 0 1 852 0 2493 0
0 2493 0 1 852 0 2493 0
0 2493 0 1 987 0 2493 0
0 2493 0 1 1013 0 2493 0
0 2493 0 1 978 0 2493 0
0 2288 750 2 296 0 524 0 852 0 1764 750
0 2493 0 1 537 0 2493 0
0 1848 2360 5 311 0 1116 678 982 0 554 452 1085 0 52 854 165 0 126 291 446 0 0 85
0 2493 0 1 1019 0 2493 0
0 2493 0 1 1019 0 2493 0
0 2493 0 1 1019 0 2493 0
0 2493 0 1 284 0 2493 0
0 2493 0 1 508 0 2493 0
0 2493 0 1 508 0 2493 0
0 2493 0 1 1174 0 2493 0
0 2493 0 1 179 0 2493 0
0 2493 0 1 179 0 2493 0
0 2493 0 1 179 0 2493 0
1 2237 935 2 998 0 936 935 1013 1 1301 0
0 2493 0 1 1017 0 2493 0
0 2493 0 1 473 0 2493 0
0 2493 0 1 162 0 2493 0
0 2493 0 1 162 0 2493 0
0 2493 0 1 362 0 2493 0
0 2493 0 1 362 0 2493 0
0 2493 0 1 693 0 2493 0
0 2493 0 1 1011 0 2493 0
0 2493 0 1 1011 0 2493 0
0 2493 0 1 722 0 2493 0
0 2493 0 1 1090 0 2493 0
0 2493 0 1 1090 0 2493 0
0 2493 0 1 1090 0 2493 0
0 2493 0 1 419 0 2493 0
0 2493 0 1 91 0 2493 0
0 2493 0 1 467 0 2493 0
0 2493 0 1 467 0 2493 0
0 2422 259 2 590 0 2331 259 456 0 91 0
0 2493 0 1 135 0 2493 0
0 2493 0 1 377 0 2493 0
0 2493 0 1 377 0 2493 0
0 2493 0 1 377 0 2493 0
1 2442 185 2 1158 0 1665 185 1019 1 777 0
1 1308 956 3 208 0 271 463 296 0 17 493 982 1 1020 0
-1
3 64
0 1638 311 2 126 0 1076 311 975 0 562 0
0 1723 0 1 1046 0 1723 0
0 1723 0 1 975 0 1723 0
0 1723 0 1 975 0 1723 0
0 1491 611 1 975 0 1491 611
0 1723 0 1 807 0 1723 0
0 1683 147 1 264 0 1683 147
0 1723 0 1 1083 0 1723 0
0 1723 0 1 1083 0 1723 0
0 1723 0 1 40 0 1723 0
0 1723 0 1 40 0 1723 0
0 1723 0 1 40 0 1723 0
0 1723 0 1 40 0 1723 0
0 1721 8 1 40 0 1721 8
0 1723 0 1 914 0 1723 0
0 1723 0 1 914 0 1723 0
0 1723 0 1 914 0 1723 0
0 1723 0 1 914 0 1723 0
0 1723 0 1 238 0 1723 0
0 1723 0 1 238 0 1723 0
0 1723 0 1 238 0 1723 0
0 1455 736 1 238 0 1455 736
0 1723 0 1 943 0 1723 0
0 1723 0 1 820 0 1723 0
0 1723 0 1 268 0 1723 0
0 1723 0 1 268 0 1723 0
0 1723 0 1 268 0 1723 0
0 1723 0 1 268 0 1723 0
0 1215 135 2 1092 0 1148 135 1092 0 67 0
2 1221 1835 3 914 0 1082 886 40 0 0 949 204 2 139 0
0 1723 0 1 15 0 1723 0
0 1723 0 1 15 0 1723 0
0 1723 0 1 493 0 1723 0
0 1723 0 1 493 0 1723 0
0 1575 542 3 1046 0 986 301 807 0 446 241 943 0 143 0
0 1723 0 1 550 0 1723 0
0 1723 0 1 550 0 1723 0
0 1723 0 1 424 0 1723 0
0 1723 0 1 424 0 1723 0
0 1603 440 1 424 0 1603 440
0 1723 0 1 972 0 1723 0
0 1723 0 1 972 0 1723 0
0 1723 0 1 972 0 1723 0
0 1723 0 1 972 0 1723 0
0 1723 0 1 972 0 1723 0
0 1723 0 1 495 0 1723 0
0 1723 0 1 495 0 1723 0
0 1684 143 1 495 0 1684 143
0 1723 0 1 887 0 1723 0
0 1723 0 1 887 0 1723 0
0 1723 0 1 887 0 1723 0
0 1723 0 1 887 0 1723 0
0 1723 0 1 1010 0 1723 0
0 1723 0 1 1010 0 1723 0
0 1723 0 1 1010 0 1723 0
0 1723 0 1 328 0 1723 0
0 1723 0 1 72 0 1723 0
0 1723 0 1 72 0 1723 0
0 1723 0 1 72 0 1723 0
0 1723 0 1 72 0 1723 0
0 1723 0 1 850 0 1723 0
0 1723 0 1 850 0 1723 0
0 1723 0 1 850 0 1723 0
1 1125 735 4 1083 0 587 508 264 0 0 40 268 0 0 187 1083 1 538 0
-1
4 98
2 593 0 1 781 2 593 0
2 593 0 1 781 2 593 0
2 593 0 1 329 2 593 0
2 593 0 1 329 2 593 0
2 593 0 1 329 2 593 0
2 593 0 1 329 2 593 0
2 593 0 1 329 2 593 0
2 593 0 1 329 2 593 0
2 593 0 1 329 2 593 0
2 593 0 1 329 2 593 0
2 593 0 1 657 2 593 0
2 593 0 1 657 2 593 0
0 287 595 2 329 0 154 546 657 0 133 49
2 593 0 1 844 2 593 0
2 593 0 1 844 2 593 0
2 593 0 1 844 2 593 0
2 593 0 1 844 2 593 0
2 593 0 1 844 2 593 0
2 593 0 1 844 2 593 0
2 593 0 1 844 2 593 0
2 593 0 1 844 2 593 0
2 593 0 1 844 2 593 0
0 450 525 1 844 0 450 525
2 593 0 1 243 2 593 0
2 593 0 1 243 2 593 0
2 593 0 1 243 2 593 0
2 593 0 1 243 2 593 0
2 593 0 1 243 2 593 0
2 593 0 1 243 2 593 0
2 593 0 1 243 2 593 0
2 593 0 1 243 2 593 0
2 593 0 1 243 2 593 0
2 593 0 1 14 2 593 0
2 593 0 1 14 2 593 0
2 593 0 1 14 2 593 0
2 593 0 1 14 2 593 0
2 593 0 1 14 2 593 0
2 593 0 1 189 2 593 0
2 593 0 1 189 2 593 0
2 593 0 1 189 2 593 0
2 593 0 1 189 2 593 0
0 527 243 1 189 0 527 243
2 593 0 1 366 2 593 0
2 593 0 1 366 2 593 0
2 593 0 1 366 2 593 0
2 593 0 1 366 2 593 0
2 593 0 1 366 2 593 0
2 593 0 1 366 2 593 0
2 593 0 1 366 2 593 0
2 593 0 1 366 2 593 0
2 593 0 1 811 2 593 0
2 593 0 1 811 2 593 0
2 593 0 1 811 2 593 0
2 593 0 1 811 2 593 0
2 593 0 1 811 2 593 0
2 593 0 1 811 2 593 0
2 593 0 1 136 2 593 0
2 593 0 1 136 2 593 0
2 593 0 1 136 2 593 0
2 593 0 1 136 2 593 0
2 593 0 1 136 2 593 0
2 593 0 1 136 2 593 0
2 593 0 1 136 2 593 0
2 593 0 1 136 2 593 0
2 593 0 1 136 2 593 0
2 593 0 1 136 2 593 0
0 377 792 2 136 0 377 703 657 0 0 89
2 593 0 1 1153 2 593 0
2 593 0 1 1153 2 593 0
2 593 0 1 1153 2 593 0
2 593 0 1 1153 2 593 0
2 593 0 1 1153 2 593 0
2 593 0 1 1153 2 593 0
2 593 0 1 1153 2 593 0
2 593 0 1 1153 2 593 0
2 593 0 1 1153 2 593 0
2 593 0 1 1153 2 593 0
2 593 0 1 1153 2 593 0
2 593 0 1 1153 2 593 0
2 593 0 1 1153 2 593 0
2 593 0 1 58 2 593 0
2 593 0 1 58 2 593 0
2 593 0 1 58 2 593 0
2 593 0 1 58 2 593 0
2 593 0 1 58 2 593 0
2 593 0 1 58 2 593 0
2 593 0 1 58 2 593 0
2 593 0 1 58 2 593 0
2 593 0 1 58 2 593 0
2 593 0 1 125 2 593 0
2 593 0 1 125 2 593 0
2 593 0 1 125 2 593 0
2 593 0 1 125 2 593 0
0 491 375 2 125 0 491 319 189 0 0 56
2 593 0 1 1064 2 593 0
2 593 0 1 1064 2 593 0
2 593 0 1 1064 2 593 0
2 593 0 1 1064 2 593 0
-1
5 52
0 1866 1274 3 135 0 1512 445 56 0 354 433 1139 0 0 396
2 2526 0 1 1139 2 2526 0
2 2526 0 1 1139 2 2526 0
2 2526 0 1 1139 2 2526 0
2 2526 0 1 536 2 2526 0
2 2526 0 1 536 2 2526 0
2 2526 0 1 536 2 2526 0
0 2115 235 1 161 0 2115 235
2 2526 0 1 297 2 2526 0
2 2280 900 2 367 0 308 900 555 2 1972 0
2 2526 0 1 56 2 2526 0
0 2368 580 2 555 0 2202 464 1139 0 166 116
2 2526 0 1 65 2 2526 0
0 2118 1495 3 536 0 705 921 168 0 1413 157 1139 0 0 417
2 2526 0 1 105 2 2526 0
2 2526 0 1 105 2 2526 0
0 2333 709 1 105 0 2333 709
2 2526 0 1 379 2 2526 0
0 2482 163 2 773 0 1467 163 56 0 1015 0
2 2526 0 1 138 2 2526 0
2 2526 0 1 581 2 2526 0
2 2526 0 1 581 2 2526 0
0 2432 346 1 581 0 2432 346
2 2526 0 1 501 2 2526 0
2 2526 0 1 501 2 2526 0
2 2526 0 1 501 2 2526 0
2 2276 915 2 1090 0 756 915 680 2 1520 0
2 2526 0 1 159 2 2526 0
2 2526 0 1 159 2 2526 0
2 2526 0 1 159 2 2526 0
2 2526 0 1 739 2 2526 0
2 2526 0 1 893 2 2526 0
2 2526 0 1 1035 2 2526 0
2 2526 0 1 226 2 2526 0
2 2526 0 1 226 2 2526 0
0 2396 478 1 226 0 2396 478
0 2335 701 2 849 0 465 701 180 0 1870 0
2 2390 498 2 893 0 1954 498 138 2 436 0
0 2359 543 2 1073 0 1719 191 65 0 640 352
2 2526 0 1 622 2 2526 0
2 2526 0 1 622 2 2526 0
2 2526 0 1 622 2 2526 0
2 2526 0 1 962 2 2526 0
2 2526 0 1 962 2 2526 0
2 2526 0 1 962 2 2526 0
2 2526 0 1 1193 2 2526 0
2 2526 0 1 1193 2 2526 0
2 2526 0 1 387 2 2526 0
2 2526 0 1 254 2 2526 0
3 2481 164 2 349 0 1476 164 739 3 1005 0
2 2526 0 1 99 2 2526 0
2 2526 0 1 99 2 2526 0
-1
6 78
3 1566 0 1 251 3 1566 0
2 1483 304 2 251 0 1167 304 1007 2 316 0
3 1566 0 1 170 3 1566 0
3 1566 0 1 170 3 1566 0
3 1566 0 1 249 3 1566 0
3 1566 0 1 1007 3 1566 0
3 1566 0 1 1007 3 1566 0
3 1566 0 1 1007 3 1566 0
0 1344 498 1 170 0 1344 498
2 1478 323 2 36 2 140 0 249 0 1338 323
3 1566 0 1 36 3 1566 0
3 1566 0 1 36 3 1566 0
3 1566 0 1 36 3 1566 0
3 1566 0 1 532 3 1566 0
3 1566 0 1 532 3 1566 0
3 1566 0 1 532 3 1566 0
3 1566 0 1 532 3 1566 0
3 1566 0 1 1048 3 1566 0
3 1566 0 1 1048 3 1566 0
3 1566 0 1 1048 3 1566 0
2 1383 670 2 1048 0 1323 670 532 2 60 0
3 1566 0 1 398 3 1566 0
3 1566 0 1 398 3 1566 0
3 1566 0 1 398 3 1566 0
3 1566 0 1 1055 3 1566 0
3 1566 0 1 1055 3 1566 0
3 1566 0 1 1055 3 1566 0
3 1566 0 1 1055 3 1566 0
3 1566 0 1 841 3 1566 0
3 1566 0 1 841 3 1566 0
3 1566 0 1 841 3 1566 0
3 1566 0 1 841 3 1566 0
3 1566 0 1 1196 3 1566 0
3 1566 0 1 1196 3 1566 0
3 1566 0 1 1196 3 1566 0
3 1566 0 1 1196 3 1566 0
3 1566 0 1 1196 3 1566 0
1 1341 825 2 841 0 1149 825 58 1 192 0
3 1566 0 1 1064 3 1566 0
3 1566 0 1 1064 3 1566 0
3 1566 0 1 1064 3 1566 0
1 1358 763 2 532 0 441 763 482 1 917 0
0 1001 2070 3 36 0 461 590 1007 0 303 592 1196 0 237 888
3 1566 0 1 141 3 1566 0
3 1566 0 1 141 3 1566 0
3 1566 0 1 141 3 1566 0
3 1566 0 1 480 3 1566 0
3 1566 0 1 480 3 1566 0
3 1566 0 1 480 3 1566 0
0 1557 36 1 480 0 1557 36
3 1566 0 1 5 3 1566 0
3 1566 0 1 5 3 1566 0
3 1566 0 1 974 3 1566 0
3 1566 0 1 974 3 1566 0
3 1566 0 1 974 3 1566 0
3 1566 0 1 974 3 1566 0
2 1391 641 2 141 0 1062 641 821 2 329 0
3 1566 0 1 903 3 1566 0
3 1566 0 1 821 3 1566 0
3 1566 0 1 821 3 1566 0
3 1566 0 1 821 3 1566 0
3 1566 0 1 821 3 1566 0
1 1323 891 3 821 0 1322 881 1196 0 0 10 1055 1 1 0
3 1566 0 1 788 3 1566 0
3 1566 0 1 788 3 1566 0
3 1566 0 1 287 3 1566 0
3 1566 0 1 505 3 1566 0
3 1566 0 1 790 3 1566 0
3 1566 0 1 790 3 1566 0
0 1164 1474 3 1064 0 554 849 366 0 270 625 811 0 340 0
3 1566 0 1 842 3 1566 0
3 1566 0 1 842 3 1566 0
3 1566 0 1 842 3 1566 0
3 1566 0 1 348 3 1566 0
1 1349 796 2 974 0 888 796 5 1 461 0
0 1489 284 2 925 0 1467 163 1055 0 22 121
3 1566 0 1 1173 3 1566 0
2 809 547 2 366 2 593 0 398 0 216 547
-1
7 29
0 2705 0 1 142 0 2705 0
0 2705 0 1 470 0 2705 0
0 2705 0 1 331 0 2705 0
0 2705 0 1 57 0 2705 0
0 2705 0 1 483 0 2705 0
0 2705 0 1 587 0 2705 0
0 2705 0 1 587 0 2705 0
0 2705 0 1 614 0 2705 0
0 2568 502 2 387 0 1990 502 419 0 578 0
0 2410 1080 3 722 0 1350 427 1017 0 1044 393 419 0 16 260
0 2705 0 1 246 0 2705 0
0 2705 0 1 246 0 2705 0
0 2705 0 1 158 0 2705 0
0 2705 0 1 158 0 2705 0
0 2705 0 1 209 0 2705 0
0 2705 0 1 209 0 2705 0
0 2705 0 1 687 0 2705 0
0 2705 0 1 954 0 2705 0
0 2705 0 1 506 0 2705 0
0 2705 0 1 144 0 2705 0
0 2705 0 1 144 0 2705 0
0 2378 1197 2 622 0 75 340 158 0 2303 857
0 2192 1715 2 1011 0 1683 741 1019 0 509 974
0 2705 0 1 344 0 2705 0
0 2387 1164 2 209 0 2258 852 501 0 129 312
0 2705 0 1 129 0 2705 0
0 2705 0 1 129 0 2705 0
0 2646 216 1 672 0 2646 216
0 1893 1607 4 1035 0 1315 427 739 0 550 454 297 0 28 284 363 0 0 442
-1
8 55
3 2183 610 2 75 0 1594 610 447 3 589 0
1 2303 173 2 631 0 1557 173 447 1 746 0
1 2248 374 3 164 0 1557 173 447 0 470 201 1145 1 221 0
0 2028 250 1 1145 0 2028 250
2 2350 0 1 602 2 2350 0
2 2350 0 1 602 2 2350 0
2 2350 0 1 1109 2 2350 0
2 2350 0 1 1109 2 2350 0
2 2350 0 1 1109 2 2350 0
2 2350 0 1 1144 2 2350 0
2 2350 0 1 1144 2 2350 0
2 2350 0 1 1144 2 2350 0
2 2350 0 1 26 2 2350 0
2 2350 0 1 239 2 2350 0
2 2350 0 1 239 2 2350 0
2 2080 988 2 1144 0 1836 988 438 2 244 0
2 2350 0 1 660 2 2350 0
2 2350 0 1 648 2 2350 0
2 2350 0 1 908 2 2350 0
2 2350 0 1 908 2 2350 0
2 2350 0 1 908 2 2350 0
2 2350 0 1 235 2 2350 0
2 2350 0 1 235 2 2350 0
2 2350 0 1 235 2 2350 0
2 2350 0 1 534 2 2350 0
2 2350 0 1 534 2 2350 0
2 2350 0 1 534 2 2350 0
1 2291 217 2 433 0 1953 217 438 1 338 0
0 2089 783 2 602 0 1245 661 415 0 844 122
0 2234 426 2 26 0 1482 426 481 0 752 0
1 2044 1120 5 660 0 1563 435 438 0 473 334 984 0 0 273 672 0 0 78 1109 1 8 0
3 2189 588 2 960 0 1396 588 235 3 793 0
2 2350 0 1 753 2 2350 0
2 2350 0 1 827 2 2350 0
2 2350 0 1 579 2 2350 0
2 2350 0 1 579 2 2350 0
2 2350 0 1 828 2 2350 0
2 2350 0 1 828 2 2350 0
2 2350 0 1 610 2 2350 0
2 2350 0 1 610 2 2350 0
0 2082 982 2 828 0 1812 724 908 0 270 258
2 2350 0 1 458 2 2350 0
2 2350 0 1 458 2 2350 0
2 2350 0 1 817 2 2350 0
2 2350 0 1 817 2 2350 0
2 2350 0 1 698 2 2350 0
2 2350 0 1 698 2 2350 0
2 2350 0 1 1034 2 2350 0
2 2350 0 1 1034 2 2350 0
2 2350 0 1 1034 2 2350 0
2 2350 0 1 816 2 2350 0
2 2350 0 1 1094 2 2350 0
2 2350 0 1 1094 2 2350 0
0 1563 1220 2 1109 0 720 865 648 0 843 355
0 1842 1250 2 534 0 270 814 753 0 1572 436
-1
9 46
0 2085 1235 2 817 0 408 526 458 0 1677 709
2 2422 0 1 876 2 2422 0
2 2422 0 1 876 2 2422 0
1 2159 963 3 827 0 609 329 698 0 1002 634 1034 1 548 0
2 2422 0 1 93 2 2422 0
2 2422 0 1 1097 2 2422 0
2 2422 0 1 1097 2 2422 0
2 2422 0 1 1097 2 2422 0
2 2422 0 1 232 2 2422 0
2 2422 0 1 1115 2 2422 0
2 2422 0 1 1115 2 2422 0
2 2422 0 1 269 2 2422 0
2 2422 0 1 269 2 2422 0
0 2202 807 2 232 0 2202 514 1034 0 0 293
0 2235 686 2 876 0 1326 686 1097 0 909 0
2 2422 0 1 847 2 2422 0
2 2422 0 1 926 2 2422 0
2 2422 0 1 926 2 2422 0
2 2422 0 1 1141 2 2422 0
0 2166 939 2 1141 0 2166 510 1034 0 0 429
2 2422 0 1 1181 2 2422 0
2 2422 0 1 1181 2 2422 0
2 2422 0 1 883 2 2422 0
2 2422 0 1 883 2 2422 0
2 2422 0 1 1112 2 2422 0
2 2422 0 1 1112 2 2422 0
0 2136 1049 2 1112 0 2136 776 908 0 0 273
0 1999 1220 5 579 0 1002 634 93 0 996 380 908 0 0 29 908 0 1 0 908 0 0 177
2 2422 0 1 676 2 2422 0
2 2422 0 1 1000 2 2422 0
2 2422 0 1 1000 2 2422 0
2 2422 0 1 31 2 2422 0
2 2422 0 1 31 2 2422 0
2 2422 0 1 31 2 2422 0
2 2422 0 1 92 2 2422 0
2 2422 0 1 92 2 2422 0
2 2422 0 1 92 2 2422 0
2 2422 0 1 1188 2 2422 0
2 2422 0 1 1188 2 2422 0
0 2253 620 1 1188 0 2253 620
2 2422 0 1 474 2 2422 0
2 2422 0 1 474 2 2422 0
2 2422 0 1 474 2 2422 0
0 2178 895 2 1097 0 72 661 730 0 2106 234
0 2069 1265 2 676 0 1869 477 72 0 200 788
0 2077 1265 3 887 0 1109 889 328 0 968 299 908 0 0 77
-1
10 70
1 1352 0 1 993 1 1352 0
1 1352 0 1 993 1 1352 0
1 1352 0 1 993 1 1352 0
0 1220 484 2 310 0 923 0 993 0 297 484
1 1352 0 1 310 1 1352 0
1 1352 0 1 310 1 1352 0
1 1352 0 1 310 1 1352 0
1 1352 0 1 310 1 1352 0
0 1177 641 1 310 0 1177 641
1 1352 0 1 242 1 1352 0
0 1347 19 1 242 0 1347 19
1 1352 0 1 1012 1 1352 0
1 1352 0 1 1012 1 1352 0
1 1352 0 1 1012 1 1352 0
1 1352 0 1 1012 1 1352 0
1 1352 0 1 1012 1 1352 0
1 1352 0 1 1012 1 1352 0
0 801 991 1 1012 0 801 991
1 1352 0 1 794 1 1352 0
1 1352 0 1 794 1 1352 0
1 1352 0 1 794 1 1352 0
1 1352 0 1 199 1 1352 0
1 1352 0 1 199 1 1352 0
1 1352 0 1 199 1 1352 0
1 1352 0 1 199 1 1352 0
1 1352 0 1 199 1 1352 0
1 1352 0 1 199 1 1352 0
0 1321 114 2 193 0 1026 114 199 0 295 0
1 1352 0 1 16 1 1352 0
1 1352 0 1 1132 1 1352 0
1 1352 0 1 1132 1 1352 0
1 1352 0 1 1132 1 1352 0
0 1134 798 2 1132 0 1134 577 310 0 0 221
0 719 1116 3 199 0 443 535 16 0 276 181 199 0 0 400
1 1352 0 1 200 1 1352 0
1 1352 0 1 200 1 1352 0
1 1352 0 1 200 1 1352 0
1 1352 0 1 200 1 1352 0
1 1352 0 1 1162 1 1352 0
1 1352 0 1 1162 1 1352 0
1 1352 0 1 1162 1 1352 0
0 1057 1080 4 870 0 808 121 200 0 249 629 242 0 0 281 199 0 0 49
1 1352 0 1 11 1 1352 0
1 1352 0 1 11 1 1352 0
1 1352 0 1 11 1 1352 0
1 1352 0 1 11 1 1352 0
1 1352 0 1 805 1 1352 0
1 1352 0 1 805 1 1352 0
1 1317 128 2 650 0 1152 128 113 1 165 0
1 1352 0 1 33 1 1352 0
1 1352 0 1 188 1 1352 0
1 1352 0 1 188 1 1352 0
1 1352 0 1 188 1 1352 0
1 1352 0 1 188 1 1352 0
1 1352 0 1 459 1 1352 0
1 1352 0 1 459 1 1352 0
1 1352 0 1 459 1 1352 0
1 1352 0 1 459 1 1352 0
0 1194 579 1 459 0 1194 579
1 1311 150 2 113 0 1184 150 805 1 127 0
1 1352 0 1 970 1 1352 0
0 1159 707 2 805 0 208 0 188 0 951 707
0 1278 272 2 33 0 1095 272 245 0 183 0
0 1086 974 2 1162 0 765 536 11 0 321 438
1 1352 0 1 339 1 1352 0
1 1352 0 1 339 1 1352 0
1 1352 0 1 339 1 1352 0
0 1197 568 1 339 0 1197 568
1 1352 0 1 166 1 1352 0
1 1352 0 1 166 1 1352 0
-1
11 33
2 1036 919 3 379 0 838 374 254 2 198 0 501 0 0 545
2 1287 0 1 804 2 1287 0
2 1287 0 1 983 2 1287 0
2 1287 0 1 99 2 1287 0
0 1164 453 2 1057 0 1000 173 352 0 164 280
2 1252 128 2 958 0 1152 128 138 2 100 0
2 1287 0 1 687 2 1287 0
0 1207 295 2 17 0 1116 124 138 0 91 171
0 1011 1012 2 581 0 0 57 159 0 1011 955
2 1287 0 1 858 2 1287 0
2 1287 0 1 265 2 1287 0
2 1287 0 1 265 2 1287 0
2 1287 0 1 265 2 1287 0
2 1287 0 1 265 2 1287 0
2 1287 0 1 142 2 1287 0
0 1210 284 1 331 0 1210 284
2 1287 0 1 486 2 1287 0
2 1287 0 1 45 2 1287 0
2 1287 0 1 344 2 1287 0
0 1036 921 3 687 0 830 536 254 0 206 326 105 0 0 59
2 1287 0 1 78 2 1287 0
2 1287 0 1 535 2 1287 0
2 1287 0 1 535 2 1287 0
2 1287 0 1 535 2 1287 0
2 1287 0 1 535 2 1287 0
2 1287 0 1 535 2 1287 0
0 1108 657 2 962 0 327 427 983 0 781 230
2 1287 0 1 276 2 1287 0
2 1287 0 1 276 2 1287 0
0 1069 800 3 486 0 1069 262 962 0 0 452 226 0 0 86
0 1144 526 1 408 0 1144 526
2 1287 0 1 52 2 1287 0
2 1287 0 1 52 2 1287 0
-1
12 26
0 1224 601 1 179 0 1224 601
0 1242 535 2 179 0 0 120 978 0 1242 415
0 1283 385 2 987 0 311 0 1174 0 972 385
0 1255 488 2 57 0 1255 440 581 0 0 48
0 1080 1128 3 91 0 747 360 162 0 333 591 179 0 0 177
1 1388 0 1 506 1 1388 0
1 1388 0 1 129 1 1388 0
1 1388 0 1 245 1 1388 0
1 1388 0 1 245 1 1388 0
1 1388 0 1 245 1 1388 0
1 1388 0 1 573 1 1388 0
1 1388 0 1 573 1 1388 0
1 1388 0 1 1026 1 1388 0
1 1388 0 1 1026 1 1388 0
1 1388 0 1 79 1 1388 0
1 1388 0 1 79 1 1388 0
1 1388 0 1 1160 1 1388 0
1 1388 0 1 1160 1 1388 0
1 1388 0 1 1197 1 1388 0
1 1388 0 1 1197 1 1388 0
1 1388 0 1 1197 1 1388 0
1 1388 0 1 1197 1 1388 0
0 1296 338 2 795 0 1296 144 581 0 0 194
1 1388 0 1 108 1 1388 0
1 1388 0 1 108 1 1388 0
0 757 697 2 680 0 233 195 142 0 524 502
-1
13 37
2 2597 0 1 850 2 2597 0
2 2597 0 1 361 2 2597 0
2 2597 0 1 361 2 2597 0
2 2597 0 1 556 2 2597 0
2 2597 0 1 556 2 2597 0
2 2597 0 1 1146 2 2597 0
2 2597 0 1 835 2 2597 0
2 2597 0 1 167 2 2597 0
2 2597 0 1 167 2 2597 0
1 2370 832 2 167 0 2290 832 268 1 80 0
0 2533 236 2 886 0 1935 215 361 0 598 21
2 2597 0 1 549 2 2597 0
2 2597 0 1 549 2 2597 0
0 2371 829 1 549 0 2371 829
2 2597 0 1 127 2 2597 0
2 2597 0 1 127 2 2597 0
2 2597 0 1 127 2 2597 0
1 2452 532 2 835 0 2189 532 268 1 263 0
2 2597 0 1 19 2 2597 0
2 2597 0 1 19 2 2597 0
2 2597 0 1 19 2 2597 0
2 2597 0 1 54 2 2597 0
2 2597 0 1 461 2 2597 0
2 2597 0 1 461 2 2597 0
2 2597 0 1 607 2 2597 0
2 2597 0 1 607 2 2597 0
2 2597 0 1 607 2 2597 0
0 2493 383 2 298 0 2493 277 424 0 0 106
2 2597 0 1 679 2 2597 0
2 2597 0 1 679 2 2597 0
2 2597 0 1 679 2 2597 0
2 2597 0 1 640 2 2597 0
2 2597 0 1 640 2 2597 0
0 2386 774 2 268 0 548 281 1146 0 1838 493
0 2320 832 3 812 0 2034 226 1010 0 285 606 1010 0 1 0
2 2597 0 1 163 2 2597 0
2 2597 0 1 1023 2 2597 0
-1
14 34
0 2354 0 1 985 0 2354 0
0 2354 0 1 247 0 2354 0
0 2155 728 2 1055 0 0 227 247 0 2155 501
0 2354 0 1 589 0 2354 0
0 2354 0 1 1186 0 2354 0
0 2354 0 1 1186 0 2354 0
0 2354 0 1 582 0 2354 0
0 2354 0 1 582 0 2354 0
0 2354 0 1 582 0 2354 0
0 2052 1105 2 582 0 1749 979 505 0 303 126
0 2354 0 1 859 0 2354 0
0 2354 0 1 184 0 2354 0
0 2354 0 1 423 0 2354 0
0 2354 0 1 423 0 2354 0
0 2050 1112 3 985 0 1435 421 788 0 615 417 1055 0 0 274
0 2354 0 1 431 0 2354 0
0 2245 399 1 431 0 2245 399
1 2290 233 2 907 0 2097 233 842 1 193 0
0 2354 0 1 712 0 2354 0
0 2354 0 1 819 0 2354 0
0 2354 0 1 911 0 2354 0
3 2299 198 2 282 0 1782 198 842 3 517 0
0 2354 0 1 322 0 2354 0
0 2354 0 1 322 0 2354 0
0 2354 0 1 274 0 2354 0
0 2354 0 1 274 0 2354 0
0 2277 282 2 409 0 2277 253 505 0 0 29
0 2354 0 1 330 0 2354 0
0 2116 871 2 842 0 474 427 859 0 1642 444
0 2354 0 1 815 0 2354 0
0 2354 0 1 815 0 2354 0
0 2354 0 1 815 0 2354 0
0 2354 0 1 695 0 2354 0
0 2354 0 1 695 0 2354 0
-1
15 26
2 2780 0 1 166 2 2780 0
0 2513 980 2 166 0 2513 889 11 0 0 91
2 2780 0 1 217 2 2780 0
2 2780 0 1 48 2 2780 0
2 2780 0 1 48 2 2780 0
2 2780 0 1 757 2 2780 0
2 2780 0 1 757 2 2780 0
2 2780 0 1 980 2 2780 0
2 2722 213 2 721 0 1917 213 757 2 805 0
2 2722 213 2 48 2 805 0 566 0 1917 213
2 2780 0 1 358 2 2780 0
2 2780 0 1 358 2 2780 0
0 2248 868 1 358 0 2248 868
2 2780 0 1 516 2 2780 0
2 2780 0 1 186 2 2780 0
2 2780 0 1 186 2 2780 0
2 2780 0 1 186 2 2780 0
2 2780 0 1 450 2 2780 0
0 2373 1492 3 980 0 1664 494 757 0 613 776 245 0 96 222
2 2780 0 1 466 2 2780 0
2 2780 0 1 466 2 2780 0
2 2780 0 1 260 2 2780 0
2 2780 0 1 260 2 2780 0
2 2780 0 1 1116 2 2780 0
2 2780 0 1 1168 2 2780 0
1 2530 641 3 310 0 1177 641 310 1 1352 0 310 0 1 0
-1
16 31
3 866 651 2 587 0 449 651 550 3 417 0
2 860 310 4 204 0 813 106 972 0 0 67 972 0 0 137 481 2 47 0
0 1026 68 1 559 0 1026 68
0 791 861 2 493 0 415 429 15 0 376 432
2 1044 0 1 610 2 1044 0
2 1044 0 1 816 2 1044 0
2 1044 0 1 1094 2 1044 0
0 881 599 2 1193 0 56 333 903 0 825 266
2 1044 0 1 1181 2 1044 0
2 671 1365 3 550 0 304 486 1153 0 176 879 348 2 191 0
2 1044 0 1 798 2 1044 0
2 1044 0 1 798 2 1044 0
0 912 485 1 1115 0 912 485
0 730 1151 2 1094 0 289 548 467 0 441 603
2 1044 0 1 68 2 1044 0
2 1044 0 1 68 2 1044 0
2 1044 0 1 68 2 1044 0
2 1044 0 1 601 2 1044 0
2 1044 0 1 601 2 1044 0
2 1044 0 1 601 2 1044 0
2 1044 0 1 601 2 1044 0
2 1044 0 1 601 2 1044 0
2 1044 0 1 601 2 1044 0
2 1044 0 1 601 2 1044 0
2 1044 0 1 689 2 1044 0
2 1044 0 1 689 2 1044 0
2 1044 0 1 689 2 1044 0
2 1044 0 1 689 2 1044 0
2 1044 0 1 689 2 1044 0
0 720 1188 2 474 0 720 888 268 0 0 300
2 1044 0 1 18 2 1044 0
-1
17 30
3 1477 0 1 18 3 1477 0
3 1477 0 1 18 3 1477 0
3 1477 0 1 1116 3 1477 0
3 1477 0 1 1168 3 1477 0
3 1477 0 1 1168 3 1477 0
3 1113 1332 3 18 0 638 516 68 3 453 0 601 0 22 816
2 1269 762 2 1116 2 153 0 1168 0 1116 762
0 1154 1185 3 689 0 314 616 466 0 136 0 1116 0 704 569
0 1435 157 2 68 0 31 1 111 0 1404 156
3 1022 1665 3 186 0 537 987 466 0 402 678 798 3 83 0
1 1225 924 2 31 0 1044 924 68 1 181 0
3 1477 0 1 912 3 1477 0
0 1003 1685 4 377 0 252 859 798 0 288 274 816 0 463 429 1094 0 0 123
2 990 1783 4 610 0 355 680 1181 0 118 668 68 0 117 435 912 2 400 0
0 1349 471 3 766 0 1278 142 912 0 71 217 1115 0 0 112
3 1477 0 1 528 3 1477 0
3 1477 0 1 584 3 1477 0
0 1125 1291 2 235 0 0 358 92 0 1125 933
3 1477 0 1 653 3 1477 0
3 1477 0 1 653 3 1477 0
3 1477 0 1 653 3 1477 0
3 1477 0 1 653 3 1477 0
3 1477 0 1 653 3 1477 0
0 1308 621 1 1000 0 1308 621
0 1018 1498 4 362 0 396 598 508 0 234 580 508 0 1 0 693 0 387 320
3 1477 0 1 237 3 1477 0
3 1477 0 1 237 3 1477 0
3 1477 0 1 237 3 1477 0
3 1477 0 1 59 3 1477 0
0 1139 1240 4 847 0 510 326 926 0 336 576 584 0 293 197 1097 0 0 141
-1
18 36
2 2187 0 1 1106 2 2187 0
2 2187 0 1 1106 2 2187 0
2 2187 0 1 1106 2 2187 0
2 2187 0 1 782 2 2187 0
2 2187 0 1 605 2 2187 0
2 2187 0 1 605 2 2187 0
2 2187 0 1 301 2 2187 0
2 2187 0 1 301 2 2187 0
2 2187 0 1 301 2 2187 0
0 2139 178 2 653 0 537 0 132 0 1602 178
2 2187 0 1 396 2 2187 0
2 2187 0 1 396 2 2187 0
2 2187 0 1 396 2 2187 0
2 2187 0 1 856 2 2187 0
2 2187 0 1 856 2 2187 0
2 2187 0 1 856 2 2187 0
0 2136 189 1 856 0 2136 189
1 2032 569 3 528 0 176 184 782 0 1276 385 59 1 580 0
2 2187 0 1 488 2 2187 0
2 2187 0 1 488 2 2187 0
2 2187 0 1 498 2 2187 0
2 2187 0 1 333 2 2187 0
2 2187 0 1 333 2 2187 0
2 2187 0 1 751 2 2187 0
2 2187 0 1 29 2 2187 0
2 2187 0 1 530 2 2187 0
2 2187 0 1 530 2 2187 0
2 2187 0 1 1068 2 2187 0
2 2187 0 1 34 2 2187 0
0 1880 1126 2 488 0 824 279 301 0 1056 847
2 2187 0 1 1130 2 2187 0
2 2187 0 1 1130 2 2187 0
2 2187 0 1 1130 2 2187 0
0 1808 1389 3 751 0 1717 434 653 0 91 892 1188 0 0 63
1 2006 664 2 333 0 1598 664 396 1 408 0
2 2187 0 1 916 2 2187 0
-1
19 23
0 2511 12 1 961 0 2511 12
1 2514 0 1 108 1 2514 0
0 2348 609 1 108 0 2348 609
1 2514 0 1 799 1 2514 0
1 2514 0 1 799 1 2514 0
1 2514 0 1 799 1 2514 0
1 2514 0 1 966 1 2514 0
1 2514 0 1 503 1 2514 0
1 2514 0 1 503 1 2514 0
1 2514 0 1 289 1 2514 0
1 2514 0 1 289 1 2514 0
1 2514 0 1 560 1 2514 0
1 2514 0 1 560 1 2514 0
1 2514 0 1 1105 1 2514 0
1 2514 0 1 963 1 2514 0
1 2514 0 1 963 1 2514 0
0 2363 554 2 105 0 0 5 52 0 2363 549
1 2514 0 1 315 1 2514 0
1 2514 0 1 315 1 2514 0
1 2514 0 1 216 1 2514 0
1 2514 0 1 216 1 2514 0
1 2514 0 1 922 1 2514 0
1 1955 630 5 138 0 0 180 470 0 715 380 1139 1 347 0 1139 0 893 0 1139 0 0 70
-1
20 38
0 859 773 2 622 0 0 377 954 0 859 396
0 1020 184 1 573 0 1020 184
0 960 403 2 79 0 849 403 1160 0 111 0
0 836 857 3 144 0 836 694 622 0 0 134 581 0 0 29
1 711 1314 3 260 0 655 691 1197 0 42 622 1160 1 14 1
0 1008 228 2 573 0 0 116 747 0 1008 112
3 965 382 2 450 0 656 382 516 3 309 0
1 1070 0 1 656 1 1070 0
1 1070 0 1 1105 1 1070 0
1 1070 0 1 309 1 1070 0
1 1070 0 1 360 1 1070 0
1 1070 0 1 360 1 1070 0
1 1070 0 1 360 1 1070 0
1 1070 0 1 360 1 1070 0
1 1070 0 1 360 1 1070 0
1 1070 0 1 866 1 1070 0
1 1070 0 1 866 1 1070 0
1 1070 0 1 866 1 1070 0
1 1070 0 1 866 1 1070 0
1 1070 0 1 866 1 1070 0
1 1070 0 1 866 1 1070 0
0 837 853 2 866 0 837 807 573 0 0 46
0 775 1080 2 360 0 720 675 503 0 55 405
1 1070 0 1 1059 1 1070 0
1 1070 0 1 1059 1 1070 0
1 1070 0 1 1059 1 1070 0
1 1070 0 1 1059 1 1070 0
1 1070 0 1 1059 1 1070 0
1 1070 0 1 1059 1 1070 0
1 1070 0 1 1059 1 1070 0
1 1070 0 1 1003 1 1070 0
1 1070 0 1 1003 1 1070 0
1 1070 0 1 1003 1 1070 0
0 1017 195 1 1003 0 1017 195
1 1070 0 1 966 1 1070 0
0 820 916 2 1105 0 347 108 129 0 473 808
0 794 1011 3 961 0 0 13 1026 0 3 309 246 0 791 689
0 192 343 1 1160 0 192 343
-1
21 14
2 848 1709 9 1082 0 141 665 938 0 239 243 633 0 339 108 456 0 31 230 446 0 0 175 284 1 51 1 284 1 23 0 284 0 23 287 508 0 1 0
2 911 1426 6 1013 0 246 449 473 0 540 337 181 0 123 640 181 2 0 0 181 0 1 0 377 0 1 0
0 1123 728 2 498 0 1123 368 856 0 0 360
0 1322 0 1 1099 0 1322 0
0 1016 1120 2 605 0 869 583 883 0 147 537
0 1105 794 3 34 0 1105 366 856 0 0 418 883 0 0 10
0 1322 0 1 530 0 1322 0
0 1322 0 1 404 0 1322 0
0 1322 0 1 404 0 1322 0
0 1322 0 1 404 0 1322 0
0 875 1636 2 1106 0 75 684 850 0 800 952
0 1322 0 1 774 0 1322 0
0 1165 574 2 1068 0 1078 363 237 0 87 211
0 1077 896 1 679 0 1077 896
-1
22 16
0 665 1177 3 396 0 665 849 237 0 0 292 1000 0 0 36
0 889 357 2 29 0 889 342 1000 0 0 15
0 841 505 4 54 0 839 382 54 0 1 0 1034 0 0 123 698 0 1 0
0 903 306 2 269 0 264 6 59 0 639 300
2 986 0 1 293 2 986 0
2 986 0 1 293 2 986 0
2 986 0 1 293 2 986 0
2 986 0 1 293 2 986 0
2 986 0 1 293 2 986 0
2 986 0 1 191 2 986 0
2 986 0 1 191 2 986 0
2 986 0 1 191 2 986 0
2 986 0 1 191 2 986 0
2 986 0 1 191 2 986 0
2 986 0 1 191 2 986 0
1 600 860 6 481 0 288 121 820 0 266 221 235 0 0 60 235 0 0 35 235 0 32 423 610 1 14 0
-1
23 12
1 2077 0 1 916 1 2077 0
0 1835 886 2 916 0 1835 678 488 0 0 208
1 2077 0 1 191 1 2077 0
1 2077 0 1 124 1 2077 0
1 2077 0 1 597 1 2077 0
1 2077 0 1 1079 1 2077 0
1 2077 0 1 1079 1 2077 0
1 2077 0 1 995 1 2077 0
1 2077 0 1 995 1 2077 0
1 2077 0 1 995 1 2077 0
1 2077 0 1 116 1 2077 0
1 2077 0 1 116 1 2077 0
-1
24 35
0 2251 0 1 922 0 2251 0
0 2251 0 1 97 0 2251 0
0 2251 0 1 97 0 2251 0
0 2251 0 1 97 0 2251 0
0 1988 963 2 97 0 1914 963 911 0 74 0
0 1875 1376 2 922 0 1723 721 535 0 152 655
0 2074 648 3 1173 0 753 258 911 0 1082 390 265 0 239 0
0 2251 0 1 764 0 2251 0
0 2251 0 1 647 0 2251 0
0 2251 0 1 647 0 2251 0
2 2206 163 2 184 2 739 0 81 0 1467 163
0 2223 103 1 565 0 2223 103
0 2251 0 1 825 0 2251 0
0 2251 0 1 825 0 2251 0
0 1941 1135 2 963 0 1711 749 265 0 230 386
0 2251 0 1 61 0 2251 0
0 2251 0 1 932 0 2251 0
0 2251 0 1 932 0 2251 0
0 2251 0 1 932 0 2251 0
0 2251 0 1 452 0 2251 0
0 2251 0 1 452 0 2251 0
0 2251 0 1 429 0 2251 0
0 2251 0 1 429 0 2251 0
0 2251 0 1 429 0 2251 0
0 1950 1102 2 429 0 1950 967 265 0 0 135
0 2251 0 1 9 0 2251 0
0 2251 0 1 9 0 2251 0
0 2086 604 1 9 0 2086 604
0 2251 0 1 332 0 2251 0
0 2251 0 1 1014 0 2251 0
0 2251 0 1 1014 0 2251 0
0 2251 0 1 1014 0 2251 0
0 2184 245 1 1014 0 2184 245
0 2251 0 1 1067 0 2251 0
3 2197 195 2 382 0 1755 195 932 3 442 0
-1
25 21
0 1194 1260 4 506 0 433 503 970 0 393 194 217 0 368 350 245 0 0 213
1 1538 0 1 894 1 1538 0
1 1538 0 1 894 1 1538 0
1 1538 0 1 894 1 1538 0
1 1538 0 1 313 1 1538 0
1 1538 0 1 313 1 1538 0
1 1538 0 1 313 1 1538 0
1 1538 0 1 313 1 1538 0
1 1538 0 1 313 1 1538 0
1 1538 0 1 865 1 1538 0
1 1538 0 1 62 1 1538 0
1 1538 0 1 62 1 1538 0
1 1538 0 1 62 1 1538 0
1 1538 0 1 62 1 1538 0
0 1274 967 2 1059 0 266 0 313 0 1008 967
1 1538 0 1 603 1 1538 0
1 1538 0 1 603 1 1538 0
1 1538 0 1 603 1 1538 0
1 1538 0 1 603 1 1538 0
1 1538 0 1 603 1 1538 0
0 1019 1720 4 289 0 595 625 560 0 424 606 1105 0 0 329 503 0 0 160
-1
26 26
2 2010 433 2 647 2 364 0 61 0 1646 433
0 1946 669 2 452 0 1519 669 216 0 427 0
3 2094 125 2 741 3 969 0 941 0 1125 125
0 2129 0 1 198 0 2129 0
0 2129 0 1 504 0 2129 0
0 2129 0 1 316 0 2129 0
0 2129 0 1 1030 0 2129 0
0 2129 0 1 1030 0 2129 0
0 2129 0 1 1030 0 2129 0
0 2034 347 2 755 0 2034 226 9 0 0 121
0 2129 0 1 572 0 2129 0
0 2129 0 1 572 0 2129 0
0 2129 0 1 405 0 2129 0
0 2129 0 1 405 0 2129 0
0 2129 0 1 405 0 2129 0
0 2129 0 1 940 0 2129 0
0 2129 0 1 1199 0 2129 0
0 2129 0 1 1199 0 2129 0
0 2010 435 2 825 0 224 0 504 0 1786 435
0 2129 0 1 101 0 2129 0
0 2129 0 1 101 0 2129 0
0 2129 0 1 101 0 2129 0
0 2129 0 1 101 0 2129 0
0 2129 0 1 345 0 2129 0
0 1795 1222 3 330 0 1795 461 1014 0 0 748 265 0 0 13
0 2129 0 1 742 0 2129 0
-1
27 15
2 1178 938 2 799 0 897 938 99 2 281 0
3 1434 0 1 335 3 1434 0
3 1434 0 1 940 3 1434 0
3 1434 0 1 553 3 1434 0
3 1434 0 1 553 3 1434 0
3 1434 0 1 553 3 1434 0
3 1434 0 1 553 3 1434 0
3 1434 0 1 1060 3 1434 0
3 1434 0 1 1060 3 1434 0
3 1434 0 1 629 3 1434 0
3 1434 0 1 923 3 1434 0
3 1434 0 1 923 3 1434 0
0 1347 321 1 923 0 1347 321
3 1405 106 2 804 3 451 0 840 0 954 106
0 519 744 5 202 0 280 259 202 0 0 163 202 0 0 42 703 0 18 280 703 0 221 0
-1
28 21
0 1170 971 3 14 0 238 357 226 0 0 224 276 0 932 390
2 1235 731 3 732 0 1215 135 243 0 9 596 811 2 11 0
1 1435 0 1 423 1 1435 0
1 1435 0 1 742 1 1435 0
1 1435 0 1 742 1 1435 0
1 1435 0 1 742 1 1435 0
0 1232 744 2 572 0 1232 610 565 0 0 134
0 1197 872 3 858 0 619 212 216 0 483 660 45 0 95 0
1 1435 0 1 490 1 1435 0
1 1435 0 1 490 1 1435 0
1 1435 0 1 490 1 1435 0
1 1435 0 1 218 1 1435 0
1 1435 0 1 218 1 1435 0
1 1435 0 1 613 1 1435 0
1 1435 0 1 613 1 1435 0
1 1435 0 1 613 1 1435 0
1 1435 0 1 613 1 1435 0
1 1435 0 1 613 1 1435 0
1 1435 0 1 314 1 1435 0
1 1435 0 1 314 1 1435 0
2 686 1285 5 811 0 1 436 189 0 0 24 58 0 5 617 781 0 87 208 781 2 593 0
-1
29 24
0 1071 40 1 428 0 1071 40
0 985 354 2 316 0 985 346 535 0 0 8
0 858 819 2 405 0 858 805 265 0 0 14
1 918 599 2 647 0 523 599 764 1 395 0
0 819 962 2 535 0 0 16 603 0 819 946
0 860 812 3 483 0 319 336 45 0 425 201 764 0 116 275
0 966 424 3 335 0 966 267 923 0 0 148 535 0 0 9
3 1081 0 1 646 3 1081 0
3 1081 0 1 646 3 1081 0
3 1081 0 1 646 3 1081 0
3 1081 0 1 646 3 1081 0
3 1081 0 1 95 3 1081 0
3 1081 0 1 95 3 1081 0
3 1081 0 1 95 3 1081 0
3 1081 0 1 95 3 1081 0
3 1081 0 1 95 3 1081 0
3 1081 0 1 178 3 1081 0
3 1081 0 1 178 3 1081 0
3 1081 0 1 178 3 1081 0
3 1081 0 1 178 3 1081 0
3 1081 0 1 178 3 1081 0
3 1081 0 1 178 3 1081 0
0 885 720 1 178 0 885 720
1 851 844 2 825 1 453 0 932 0 398 844
-1
30 17
2 2711 0 1 959 2 2711 0
2 2711 0 1 959 2 2711 0
2 2711 0 1 1056 2 2711 0
2 2711 0 1 1056 2 2711 0
2 2711 0 1 413 2 2711 0
2 2711 0 1 413 2 2711 0
2 2711 0 1 670 2 2711 0
2 2711 0 1 1078 2 2711 0
2 2711 0 1 1078 2 2711 0
0 2673 141 1 13 0 2673 141
0 2567 529 2 80 0 2529 281 344 0 38 248
2 2711 0 1 968 2 2711 0
2 2711 0 1 968 2 2711 0
0 2431 1026 2 968 0 2431 873 344 0 0 153
2 2711 0 1 67 2 2711 0
2 2711 0 1 1134 2 2711 0
0 2412 1096 2 413 0 1981 823 1199 0 431 273
-1
31 17
1 1295 0 1 1023 1 1295 0
1 1295 0 1 1023 1 1295 0
1 1295 0 1 1023 1 1295 0
1 1295 0 1 1038 1 1295 0
1 1295 0 1 1038 1 1295 0
1 1295 0 1 1038 1 1295 0
1 1295 0 1 1038 1 1295 0
1 1295 0 1 1038 1 1295 0
1 1295 0 1 1175 1 1295 0
1 1295 0 1 1175 1 1295 0
1 1295 0 1 1175 1 1295 0
1 1295 0 1 1175 1 1295 0
1 1295 0 1 1175 1 1295 0
1 1295 0 1 116 1 1295 0
1 1295 0 1 116 1 1295 0
1 1295 0 1 280 1 1295 0
1 604 1460 4 269 0 0 562 19 0 285 898 15 1 65 0 415 0 254 0
-1
32 10
3 2588 0 3 309 0 1 0 539 2 2307 0 870 1 280 0
0 2633 0 1 539 0 2633 0
0 2633 0 1 1049 0 2633 0
0 2633 0 1 1134 0 2633 0
0 2633 0 1 1134 0 2633 0
0 2633 0 1 531 0 2633 0
0 2633 0 1 758 0 2633 0
0 2633 0 1 684 0 2633 0
0 2633 0 1 684 0 2633 0
0 1241 2300 8 48 0 46 713 1066 0 218 101 987 0 85 321 537 0 45 282 805 0 0 105 805 0 225 258 805 0 1 0 794 0 621 520
-1
33 23
3 2906 0 1 609 3 2906 0
3 2906 0 1 854 3 2906 0
3 2906 0 1 448 3 2906 0
3 2906 0 1 1086 3 2906 0
3 2906 0 1 1086 3 2906 0
0 2772 493 2 480 0 0 185 1121 0 2772 308
3 2906 0 1 1028 3 2906 0
3 2906 0 1 1028 3 2906 0
3 2906 0 1 599 3 2906 0
3 2906 0 1 599 3 2906 0
3 2906 0 1 743 3 2906 0
3 2906 0 1 839 3 2906 0
3 2906 0 1 839 3 2906 0
3 2906 0 1 620 3 2906 0
3 2906 0 1 620 3 2906 0
0 2889 65 1 1051 0 2889 65
2 2705 737 2 695 0 1925 737 854 2 780 0
3 2906 0 1 314 3 2906 0
3 2906 0 1 638 3 2906 0
3 2906 0 1 638 3 2906 0
3 2906 0 1 955 3 2906 0
3 2906 0 1 955 3 2906 0
2 2121 2830 7 461 0 769 663 640 0 508 634 1186 0 485 577 790 0 165 367 480 0 0 475 482 0 108 114 532 2 86 0
-1
34 15
1 2021 0 1 930 1 2021 0
1 2021 0 1 930 1 2021 0
1 2021 0 1 743 1 2021 0
1 2021 0 1 100 1 2021 0
0 1867 432 2 100 0 1866 432 556 0 1 0
1 2021 0 1 411 1 2021 0
1 2021 0 1 263 1 2021 0
1 2021 0 1 263 1 2021 0
1 2021 0 1 263 1 2021 0
1 2021 0 1 562 1 2021 0
1 2021 0 1 562 1 2021 0
0 1781 647 3 1010 0 1 0 562 0 1779 647 1038 0 1 0
0 1851 624 2 127 0 42 423 341 0 1809 201
1 2021 0 1 1036 1 2021 0
1 2021 0 1 1036 1 2021 0
-1
35 14
3 1931 0 1 1036 3 1931 0
3 1931 0 1 1102 3 1931 0
3 1931 0 1 1102 3 1931 0
0 1833 362 2 607 0 141 174 38 0 1692 188
3 1931 0 1 258 3 1931 0
3 1931 0 1 942 3 1931 0
3 1931 0 1 767 3 1931 0
3 1931 0 1 1157 3 1931 0
3 1931 0 1 1157 3 1931 0
3 1931 0 1 1157 3 1931 0
3 1931 0 1 1157 3 1931 0
3 1931 0 1 718 3 1931 0
3 1931 0 1 718 3 1931 0
0 1928 14 1 718 0 1928 14
-1
36 11
0 2904 0 1 547 0 2904 0
0 2904 0 1 547 0 2904 0
0 2904 0 1 1154 0 2904 0
0 2904 0 1 1154 0 2904 0
0 2904 0 1 1154 0 2904 0
0 2763 516 2 906 0 2763 307 352 0 0 209
0 2904 0 1 832 0 2904 0
0 2904 0 1 832 0 2904 0
0 2724 658 1 832 0 2724 658
0 2677 830 2 825 0 13 534 860 0 2664 296
0 2904 0 1 174 0 2904 0
-1
37 13
0 1532 672 2 268 0 0 72 1102 0 1532 600
2 1715 0 1 55 2 1715 0
2 1715 0 1 955 2 1715 0
2 1715 0 1 110 2 1715 0
0 1557 580 2 607 0 0 407 1065 0 1557 173
0 1414 1104 2 352 0 0 344 1056 0 1414 760
2 1715 0 1 314 2 1715 0
2 1715 0 1 353 2 1715 0
2 1715 0 1 353 2 1715 0
2 1715 0 1 353 2 1715 0
2 1715 0 1 353 2 1715 0
1 1536 656 2 322 0 1196 656 981 1 340 0
2 1043 1645 6 180 0 146 224 1023 0 695 798 361 0 0 246 361 0 0 240 361 0 0 137 550 2 202 0
-1
38 20
0 1655 0 1 272 0 1655 0
0 1655 0 1 546 0 1655 0
0 1655 0 1 225 0 1655 0
0 1655 0 1 225 0 1655 0
0 1595 220 1 225 0 1595 220
0 1655 0 1 706 0 1655 0
0 1655 0 1 706 0 1655 0
0 1595 220 1 706 0 1595 220
0 1655 0 1 27 0 1655 0
0 1655 0 1 27 0 1655 0
0 1586 253 1 27 0 1586 253
0 1655 0 1 620 0 1655 0
0 1655 0 1 1191 0 1655 0
0 1655 0 1 373 0 1655 0
0 1655 0 1 373 0 1655 0
0 1655 0 1 373 0 1655 0
0 1655 0 1 373 0 1655 0
0 1655 0 1 373 0 1655 0
0 1655 0 1 746 0 1655 0
0 1655 0 1 746 0 1655 0
-1
39 14
0 670 952 1 191 0 670 952
0 731 729 1 116 0 731 729
3 758 627 2 293 0 703 627 1130 3 55 0
0 930 0 1 973 0 930 0
0 930 0 1 124 0 930 0
0 799 480 1 1036 0 799 480
0 791 509 2 1099 0 176 0 404 0 615 509
0 735 714 2 607 0 0 183 930 0 735 531
0 930 0 1 597 0 930 0
0 817 414 1 597 0 817 414
0 930 0 1 376 0 930 0
0 930 0 1 376 0 930 0
0 930 0 1 376 0 930 0
0 930 0 1 376 0 930 0
-1
40 11
0 2865 0 1 376 0 2865 0
0 2865 0 1 639 0 2865 0
0 2865 0 1 639 0 2865 0
0 2534 1211 3 639 0 2514 916 163 0 20 291 817 0 0 4
0 2865 0 1 810 0 2865 0
0 2865 0 1 1149 0 2865 0
0 2865 0 1 1149 0 2865 0
0 2865 0 1 644 0 2865 0
0 2865 0 1 644 0 2865 0
0 2865 0 1 994 0 2865 0
0 2210 1537 7 972 0 241 780 126 0 1723 0 943 0 204 230 239 0 1 0 239 0 39 527 239 0 1 0 377 0 1 0
-1
