1 10
2 2663 1 1 9 2 2663 1
2 2663 1 1 9 2 2663 1
2 2663 1 1 6 2 2663 1
2 2663 1 1 8 2 2663 1
2 2663 1 1 8 2 2663 1
2 2663 1 1 4 2 2663 1
3 2620 244 2 1 0 2196 244 4 3 424 0
2 2365 1695 4 8 0 1177 721 6 0 701 373 9 0 88 600 4 2 399 1
2 2663 1 1 7 2 2663 1
2 2663 1 1 7 2 2663 1
-1
2 6
1 1612 540 2 4 0 1385 540 7 1 227 0
1 1707 0 1 7 1 1707 0
1 1707 0 1 2 1 1707 0
1 1707 0 1 2 1 1707 0
1 1707 0 1 2 1 1707 0
1 1707 0 1 3 1 1707 0
-1
3 4
2 847 1466 3 2 0 672 644 7 0 141 821 10 2 34 1
1 1105 1 1 3 1 1105 1
1 1105 1 1 10 1 1105 1
1 1105 1 1 10 1 1105 1
-1
4 4
1 3479 1 1 10 1 3479 1
1 3479 1 1 5 1 3479 1
1 3479 1 1 5 1 3479 1
0 2183 1958 3 5 0 717 851 10 0 707 711 3 0 759 396
-1
5 0
-1
